	v1A1	v2A1	v3A1	v4A1	v5A1	v6A1	v7A1	v8A1	v9A1	v10A1	v11A1	v12A1	v13A1	v14A1	v15A1
Ba20002a	0	0	0	0	0	0	0	0	0	0	0	0	0	0	0
Ba20003a	0	0	0	0	0	0	0	0	0	0	0	0	0	0	0
Ba20005a	0	0	0	0	0	0	0	0	0	0	0	0	0	0	0
Ba20006a	0	0	0	0	0	0	0	0	0	0	0	0	0	0	0
Ba20007a	0	0	0	0	0	0	0	0	0	0	0	0	0	0	0
Ba20009a	0	0	0	0	0	0	0	0	0	0	0	0	0	0	0
Ba20010a	0	0	0	0	0	0	0	0	0	0	0	0	0	0	0
Ba20011a	0	0	0	0	0	0	0	0	0	0	0	0	0	0	0
Ba20012a	0	0	0	0	0	0	0	0	0	0	0	0	0	0	0
Ba20014a	0	0	0	0	0	0	0	0	0	0	0	0	0	0	0
Ba20015a	0	0	0	0	0	0	0	0	0	0	0	0	0	0	0
Bar0003a	0	0	0	0	0	0	0	0	0	0	0	0	0	0	0
Bar0005a	0	0	0	0	0	0	0	0	0	0	0	0	0	0	0
Bar0012a	0	0	0	0	0	0	0	0	0	0	0	0	0	0	0
Bar0014a	0	0	0	0	0	0	0	0	0	0	0	0	0	0	0
Bar0015a	0	0	0	0	0	0	0	0	0	0	0	0	0	0	0
Bar0016a	0	0	0	0	0	0	0	0	0	0	0	0	0	0	0
Bar0017a	0	0	0	0	0	0	0	0	0	0	0	0	0	0	0
Bar0019a	0	0	0	0	0	0	0	0	0	0	0	0	0	0	0
Bar0020a	0	0	0	0	0	0	0	0	0	0	0	0	0	0	0
Bar0021a	0	0	0	0	0	0	0	0	0	0	0	0	0	0	0
Bar0022a	0	0	0	0	0	0	0	0	0	0	0	0	0	0	0
Bar0023a	0	0	0	0	0	0	0	0	0	0	0	0	0	0	0
Bar0024a	0	0	0	0	0	0	0	0	0	0	0	0	0	0	0
Bar0025a	0	0	0	0	0	0	0	0	0	0	0	0	0	0	0
BBP0001a	0	0	0	0	0	0	0	0	0	0	0	0	0	0	0
BBP0003a	1	0	0	0	0	0	0	0	0	0	0	0	0	0	0
BBP0004a	0	0	0	0	0	0	0	0	0	0	0	0	0	0	0
BBP0005a	0	0	0	0	0	0	0	0	0	0	0	0	0	0	0
BBP0006a	0	0	0	0	0	0	0	0	0	0	0	0	0	0	0
BBP0007a	1	0	0	0	0	0	0	0	0	0	0	0	0	0	0
BBP0008a	0	0	0	0	0	0	0	0	0	0	0	0	0	0	0
BBP0010a	0	0	0	0	0	0	0	0	0	0	0	0	0	0	0
BBP0012a	0	0	0	0	0	0	0	0	0	0	0	0	0	0	0
BBP0015a	0	0	0	0	0	0	0	0	0	0	0	0	0	0	0
BBP0016a	1	0	0	0	0	0	0	0	0	0	0	0	1	0	0
BBP0017a	0	0	0	0	0	0	0	0	0	0	0	0	0	0	0
BBP0019a	0	0	0	0	0	0	0	0	0	0	0	0	0	0	0
BBP0020a	0	0	0	0	0	0	0	0	0	0	0	0	0	0	0
BBP0023a	0	0	0	0	0	0	0	0	0	0	0	0	0	0	0
BBP0024a	0	0	0	0	0	0	0	0	0	0	0	0	0	0	0
Ode0007a	0	0	0	0	0	0	0	0	0	0	0	0	0	0	0
Ode0008a	0	0	0	0	0	0	0	0	0	0	0	0	0	0	0
Ode0009a	0	0	0	0	0	0	0	0	0	0	0	0	0	0	0
Ode0010a	0	0	0	0	0	0	0	0	0	0	0	0	0	0	0
Ode0011a	0	0	0	0	0	0	0	0	0	0	0	0	0	0	0
Ode0013a	1	0	0	0	0	0	0	0	0	0	0	0	0	0	0
Ode0014a	0	0	0	0	0	0	0	0	0	0	0	0	0	0	0
Ode0016a	0	0	0	0	0	0	0	0	0	0	0	0	0	0	0
Ode0018a	0	0	0	0	0	0	0	0	0	0	0	0	0	0	0
Ode0020a	0	0	0	0	0	0	0	0	0	0	0	0	0	0	0
ECD0002a	1	1	0	0	0	0	0	0	0	0	0	0	0	0	0
ECD0003a	0	0	0	0	0	0	0	0	0	0	0	0	0	0	0
ECD0006a	0	0	0	0	0	0	0	0	0	0	0	0	0	0	0
ECD0010a	0	0	0	0	0	0	0	0	0	0	0	0	0	0	0
ECD0015a	0	0	0	0	0	0	0	0	0	0	0	0	0	0	0
ECD0016a	0	0	0	0	0	0	0	0	0	0	0	0	0	0	0
ECD0019a	0	0	0	0	0	0	0	0	0	0	0	0	0	0	0
ECD0025a	0	0	0	0	0	0	0	0	0	0	0	0	0	0	0
ECD0026a	1	0	0	0	0	0	0	0	0	0	1	0	0	0	0
ECD0027a	0	0	0	0	0	1	0	0	0	0	0	0	0	0	0
ECD0028a	1	0	0	0	0	0	0	0	0	0	0	0	0	0	0
ECD0029a	0	0	0	0	0	0	0	0	0	0	0	0	0	0	0
ECD0030a	0	1	0	0	0	0	0	0	0	0	0	0	1	0	0
ECD0033a	0	1	0	0	0	0	0	0	0	0	0	0	0	0	0
ECD0034a	0	0	0	0	0	0	0	0	0	0	0	0	0	0	0
ECD0036a	1	0	0	0	0	0	0	0	0	0	1	0	0	0	0
ECD0038a	0	0	0	0	0	0	0	0	0	0	1	0	0	0	0
ECD0041a	0	0	0	0	0	0	0	0	0	0	0	0	0	0	0
ECD0042a	0	1	0	0	0	0	0	0	0	0	0	0	0	0	0
ECD0044a	0	0	0	0	0	0	0	0	0	0	0	0	0	0	0
ECD0046a	1	0	0	0	0	0	0	0	0	0	0	0	0	0	0
ECD0047a	1	0	0	0	0	0	0	0	0	0	0	0	0	0	0
ECD0048a	0	1	0	0	0	0	0	0	0	0	0	1	0	0	0
ECD0050a	0	0	0	0	0	0	0	0	0	0	0	0	0	0	0
ECD0058a	0	0	0	0	0	0	0	0	0	0	0	0	0	0	0
ECD0059a	0	0	0	0	0	0	0	0	0	0	0	0	0	0	0
ECD0060a	0	0	0	0	0	0	0	0	0	0	0	0	0	0	0
ECD0061a	1	1	0	0	0	0	0	0	0	0	0	0	0	0	0
ECD0063a	0	0	0	0	0	0	0	0	0	0	0	1	0	1	0
ECD0065a	0	0	0	0	0	0	0	0	0	0	0	0	0	0	0
ECD0067a	0	0	0	0	0	0	0	0	0	0	0	0	0	0	0
ECD0068a	0	1	0	0	0	0	0	0	0	0	0	0	0	0	0
ECD0072a	0	0	0	0	0	0	0	0	0	0	0	0	0	0	0
ECD0082a	0	0	0	0	0	0	0	0	0	0	0	0	0	0	0
ECD0083a	0	0	0	0	0	0	0	0	0	0	0	0	0	0	0
ECD0084a	0	0	0	0	0	0	0	0	0	0	0	0	0	0	0
SCD0001a	0	0	0	0	0	0	0	0	0	0	0	0	0	0	0
SCD0003a	0	0	0	0	0	0	0	0	0	0	0	0	0	0	0
SCD0004a	0	0	0	0	0	0	0	0	0	0	0	0	0	0	0
SCD0006a	0	0	0	0	0	0	0	0	0	0	0	0	0	0	0
SCD0009a	0	0	0	0	0	0	0	0	0	0	0	0	0	0	0
SCD0010a	0	0	0	0	0	0	0	0	0	0	0	0	0	0	0
SCD0029a	0	0	0	0	0	0	0	0	0	0	0	0	0	0	0
SCD0030a	0	0	0	0	0	0	0	0	0	0	0	0	0	0	0
SCD0032a	0	0	0	0	0	0	0	0	0	0	0	0	0	0	0
SCD0033a	0	0	0	0	0	0	0	0	0	0	0	0	0	0	0
SCD0037a	0	0	0	0	0	0	0	0	0	0	0	0	0	0	0
SCD0054a	0	0	0	0	0	0	0	0	0	0	0	0	0	0	0
SCD0056a	0	0	0	0	0	0	0	0	0	0	0	0	0	0	0
SCD0060a	0	0	0	0	0	0	0	0	0	0	0	0	0	0	0
SCD0063a	0	0	0	0	0	0	0	0	0	0	0	0	0	0	0
SCD0064a	1	0	0	0	0	0	0	0	0	0	0	0	0	0	0
SCD0065a	0	0	0	0	0	0	0	0	0	0	0	0	0	0	0
SCD0066a	0	0	0	0	0	0	0	0	0	0	0	0	0	0	0
SCD0067a	0	0	0	0	0	0	0	0	0	0	0	0	0	0	0
SCD0068a	0	1	0	0	1	0	0	0	0	0	0	0	0	0	0
SCD0071a	0	0	0	0	0	0	0	0	0	0	0	0	0	0	0
SCD0074a	0	0	0	0	0	0	0	0	0	0	0	0	0	0	0
SCD0078a	0	0	0	0	0	0	0	0	0	0	0	0	0	0	0
SCD0099a	0	0	0	0	0	0	0	0	0	0	0	0	0	0	0
SCD0100a	0	0	0	0	0	0	0	0	0	0	0	0	0	0	0
SCD0203a	0	0	0	0	0	0	0	0	0	0	0	0	0	0	0
Ka001	0	0	0	0	0	0	0	0	0	0	0	0	0	0	0
Ka002	0	0	0	0	0	0	0	0	0	0	0	0	0	0	0
Ka003	1	0	0	0	0	0	0	0	0	0	0	0	0	0	0
Ka004	0	0	0	0	0	0	0	0	0	0	0	0	0	0	0
Ka005	0	0	0	0	0	0	0	0	0	0	0	0	0	0	0
Ka006	0	0	0	0	0	0	0	0	0	0	0	0	0	0	0
Ka007	0	0	0	0	0	0	0	0	0	0	0	0	0	0	0
Ka009	0	0	0	0	0	0	0	0	0	0	0	0	0	0	0
Ka010	0	0	0	0	0	0	0	0	0	0	0	0	0	0	0
Ka011	0	0	0	0	0	0	0	0	0	0	0	0	0	0	0
Ka012	0	0	0	0	0	0	0	0	0	0	0	0	0	0	0
Ka013	0	0	0	0	0	0	0	0	0	0	0	0	0	0	0
Ka014	0	0	0	0	0	0	0	0	0	0	0	0	0	0	0
Ka015	0	0	0	0	0	0	0	0	0	0	0	0	0	0	0
Ka016	0	0	0	0	0	0	0	0	0	0	0	0	0	0	0
Ka018	0	0	0	0	0	0	0	0	0	0	0	0	0	0	0
Ka019	0	0	0	0	0	0	0	0	0	0	0	0	0	0	0
Ka020	0	0	0	0	0	0	0	0	0	0	0	0	0	0	0
Ka021	0	0	0	0	0	0	0	0	0	0	0	0	0	0	0
Ka022	1	0	0	0	0	0	0	0	0	0	0	0	0	0	0
ka023	0	0	0	0	0	0	0	0	0	0	0	0	0	0	0
Ka024	1	0	0	0	0	0	0	0	0	0	0	0	0	0	0
Ka025	0	0	0	0	0	0	0	0	0	0	0	0	0	0	0
Ka026	0	0	0	0	0	0	0	0	0	0	0	0	0	0	0
Ka027	0	0	0	0	0	0	0	0	0	0	0	0	0	0	0
Ka029	0	0	0	0	0	0	0	0	0	0	0	0	0	0	0
ka031	0	0	0	0	0	0	0	0	0	0	0	0	0	0	0
ka032	0	0	0	0	0	0	0	0	0	0	0	0	0	0	0
ka033	0	0	0	0	0	0	0	0	0	0	0	0	0	0	0
ka034	1	0	0	0	0	0	0	0	0	0	0	0	0	0	0
Ka035	1	0	0	0	0	0	0	0	0	0	0	0	0	0	0
lue0001	0	0	0	0	0	0	0	0	0	0	0	0	0	0	0
lue0012	0	0	0	0	0	0	0	0	0	0	0	0	0	0	0
lue0013	0	0	0	0	0	0	0	0	0	0	0	0	0	0	0
lue0014	0	0	0	0	0	0	0	0	0	0	0	0	0	0	0
lue0016	0	0	0	0	0	0	0	0	0	0	0	0	0	0	0
lue0017	0	0	0	0	0	0	0	0	0	0	0	0	0	0	0
lue0018	0	0	0	0	0	0	0	0	0	0	0	0	0	0	0
lue0024	1	0	0	0	0	0	0	0	0	0	0	0	0	0	0
lue0025	0	0	0	0	0	0	0	0	0	0	0	0	0	0	0
lue0026	0	0	0	0	0	0	0	0	0	0	0	0	0	0	0
lue0027	0	0	0	0	0	0	0	0	0	0	0	0	0	0	0
lue0028	0	0	0	0	0	0	0	0	0	0	0	0	0	0	0
lue0029	0	0	0	0	0	0	0	0	0	0	0	0	0	0	0
lue0030	0	0	0	0	0	0	0	0	0	0	0	0	0	0	0
lue0031	0	0	0	0	0	0	0	0	0	0	0	0	0	0	0
lue0036	0	1	0	0	0	0	0	0	0	0	0	0	0	0	0
lue0038	0	0	0	0	0	0	0	0	0	0	0	0	0	0	0
lue0040	0	0	0	0	0	0	0	0	0	0	0	0	0	0	0
lue0041	0	0	0	0	0	0	0	0	0	0	0	0	0	0	0
lue0042	0	0	0	0	0	0	0	0	0	0	0	0	0	0	0
lue0043	0	0	0	0	0	0	0	0	0	0	0	0	0	0	0
lue0044	1	0	0	0	0	0	0	0	0	0	0	0	0	0	0
lue0045	0	0	0	0	0	0	0	0	0	0	0	0	0	0	0
lue0049	0	0	0	0	0	0	0	0	0	0	0	0	0	0	0
lue0050	0	0	0	0	0	0	0	0	0	0	0	0	0	0	0
lue0053	0	0	0	0	0	0	0	0	0	0	0	0	0	0	0
lue0054	0	1	0	0	0	0	0	0	0	0	0	0	0	0	0
lue0056	0	0	0	0	0	0	0	0	0	0	0	0	0	0	0
lue0058	1	0	0	0	0	0	0	0	0	0	0	0	0	0	0
lue0061	0	0	0	0	0	0	0	0	0	0	0	0	0	0	0
lue0062	0	0	0	0	0	0	0	0	0	0	0	0	0	0	0
lue0063	0	0	0	1	0	0	0	0	0	0	0	0	0	0	0
lue0064	0	0	0	0	0	0	0	0	0	0	0	0	0	0	0
lue0065	0	0	0	0	0	0	0	0	0	0	0	0	0	0	0
lue0066	0	0	0	0	0	0	0	0	0	0	0	0	0	0	0
lue0068a	0	0	1	0	0	0	0	0	0	0	0	0	0	0	0
lue0072	0	0	0	0	0	0	0	0	0	0	0	0	0	0	0
lue0073	0	0	0	0	0	0	0	0	0	0	0	0	0	0	0
lue0074	0	0	0	0	0	0	0	0	0	0	0	0	0	0	0
lue0075	0	0	0	0	0	0	0	0	0	0	0	0	1	0	0
lue0078	0	1	0	0	0	0	0	0	0	0	0	0	0	0	0
lue0080	0	0	0	0	0	0	0	0	0	0	0	0	1	0	0
lue0083	1	0	0	0	0	0	0	0	0	0	0	0	0	0	0
Mue002a	0	0	0	0	0	0	0	0	0	0	0	0	0	0	0
Mue003a	0	0	0	0	0	0	0	0	0	0	0	0	0	0	0
Mue004a	0	0	0	0	0	0	0	0	0	0	0	0	0	0	0
Mue005a	0	0	0	0	0	0	0	0	0	0	0	0	0	0	0
Mue006a	0	0	0	0	0	0	0	0	0	0	0	0	0	0	0
Mue007a	0	0	0	0	0	0	0	0	0	0	0	0	0	0	0
Mue008a	0	0	0	0	0	0	0	0	0	0	0	0	0	0	0
Mue010a	0	0	0	0	0	0	0	0	0	0	0	0	0	0	0
Mue011a	1	0	0	0	0	0	0	0	0	0	0	0	0	0	0
Mue012a	0	0	0	0	0	0	0	0	0	0	0	0	0	0	0
Mue013a	1	0	0	0	0	0	0	0	0	0	0	0	0	0	0
Mue015a	0	0	0	0	0	0	0	0	0	0	0	0	0	0	0
Mue016a	0	0	0	0	0	0	0	0	0	0	0	0	0	0	0
Mue017a	0	0	0	0	0	0	0	0	0	0	0	0	0	0	0
Mue018a	0	0	0	0	0	0	0	0	0	0	0	0	0	0	0
Mue019a	0	0	0	0	0	0	0	0	0	0	0	0	0	0	0
Mue020a	0	0	0	0	0	0	0	0	0	0	0	0	0	0	0
Mue022a	0	0	0	0	0	0	0	0	0	0	0	0	0	0	0
Mue023a	0	0	0	0	0	0	0	0	0	0	0	0	0	0	0
Mue024a	0	0	0	0	0	0	0	0	0	0	0	0	0	0	0
AG16	1	0	0	0	0	0	0	0	0	0	0	0	0	0	0
AG20	0	0	0	0	0	0	0	0	0	0	0	0	0	0	0
CN01	0	0	0	0	0	0	0	0	0	0	0	0	0	0	0
DR09	0	1	0	0	0	0	0	0	0	0	0	0	1	0	0
BE30	0	0	0	0	0	0	0	0	0	0	0	0	0	0	0
ET12	0	0	0	0	0	0	0	0	0	0	0	0	0	0	0
HL28	0	0	0	0	0	0	0	0	0	0	0	0	0	0	0
IT27	0	0	0	0	0	0	0	0	0	0	0	0	0	0	0
KA04	0	0	0	0	0	0	0	0	0	0	0	0	0	0	0
LT21	0	0	0	0	0	0	0	0	0	0	0	0	0	0	0
MR02	0	0	0	0	0	0	0	0	0	0	0	0	0	0	0
ND02	0	0	0	0	0	0	0	0	0	0	0	0	0	0	0
NT06	0	0	0	0	0	0	0	0	0	0	0	0	0	0	0
OB21	1	0	1	0	0	0	0	0	0	0	0	0	0	0	0
OT05	0	0	0	0	0	0	0	0	0	0	0	0	0	0	0
RB03	0	0	0	0	0	0	0	0	0	0	0	0	0	0	0
RB21	0	0	0	0	0	0	0	0	0	0	0	0	0	0	0
RB28	0	0	0	0	0	0	0	0	0	0	0	0	0	0	0
RC09	0	0	0	0	0	0	0	0	0	0	0	0	0	0	0
RL14	0	0	0	0	0	0	0	0	0	0	0	0	0	0	0
RR05	0	0	0	0	0	0	0	0	0	0	0	0	0	0	0
RR06	0	0	0	0	0	0	0	0	0	0	0	0	0	0	0
RR13	0	0	0	0	0	0	0	0	0	0	0	0	0	0	0
RR21	0	0	0	0	0	0	0	0	0	0	0	0	0	0	0
RR25	1	0	0	0	0	0	0	0	0	0	0	0	0	0	0
RT29	0	0	0	0	0	0	0	0	0	0	0	0	0	0	0
TG14	0	0	0	0	0	0	0	0	0	0	0	0	0	0	0
TG31	0	0	0	0	0	0	0	0	0	0	0	0	0	0	0
TS03	0	0	0	0	0	0	0	0	0	0	0	0	0	0	0
UG07	1	0	0	0	0	0	0	0	0	0	0	0	0	0	0
Fa000042	1	0	0	0	0	0	0	0	0	0	0	0	0	0	0
Fa000082	0	1	0	0	0	0	0	0	0	0	0	0	0	0	0
Fa000307	0	0	0	0	0	0	0	0	0	0	0	0	0	0	0
Fa000308	1	1	0	0	0	0	0	0	0	0	0	0	0	0	0
Fa000309	0	0	0	0	0	0	0	0	0	0	0	0	0	0	0
Fa000310	0	0	1	0	0	0	0	0	0	0	0	0	0	0	0
Fa000313	1	0	0	0	0	0	0	0	0	0	0	0	0	0	0
FA000323	0	0	0	0	0	0	0	0	0	0	0	0	0	0	0
Fa000327	0	0	0	0	0	0	0	0	0	0	0	0	0	0	0
Fa000335	0	0	0	0	0	0	0	0	0	0	0	0	0	0	0
Fa000336	0	0	0	0	0	0	0	0	0	0	0	0	0	0	0
Fa000337	1	1	0	0	0	0	0	0	0	0	0	0	0	0	0
Fa000338	0	0	0	0	0	0	0	0	0	0	0	0	0	0	0
Fa000351	0	0	0	0	0	0	0	0	0	0	0	0	0	0	0
Fa000354	0	0	0	0	0	0	0	0	0	0	0	0	0	0	0
Fa000356	1	1	0	0	0	0	0	0	0	0	0	0	0	0	0
Fa000359	1	0	0	0	0	0	0	0	0	0	0	0	0	0	0
Fa000360	1	0	0	0	0	0	0	0	0	0	0	0	0	0	0
Fa000370	1	0	0	0	0	0	0	0	0	0	0	0	0	0	0
Fa000371	0	0	0	0	0	0	0	0	0	0	0	0	0	0	0
Fa000373	0	0	0	0	0	0	0	0	0	0	0	0	0	0	0
Fa000376	0	0	0	0	0	0	0	0	0	0	0	0	0	0	0
Fa000377	0	0	0	0	0	0	0	0	0	0	0	0	0	0	0
Fa000379	0	0	0	0	0	0	0	0	0	0	1	0	0	0	0
Fa000380	0	0	0	0	0	0	0	0	0	0	0	0	0	0	0
Fa000381	0	0	0	0	0	0	0	0	0	0	0	0	0	0	0
Fa000383	0	0	0	0	0	0	0	0	0	0	0	0	0	0	0
Fa000384	1	1	0	0	0	0	0	0	0	0	0	0	0	0	0
Fa000385	0	0	0	0	0	0	0	0	0	0	0	0	0	0	0
Fa000388	0	0	0	0	0	0	0	0	0	0	0	0	0	0	0
Fa000389	0	0	0	0	0	0	0	0	0	0	0	0	0	0	0
Fa000393	0	0	0	0	0	0	0	0	0	0	0	0	0	0	0
Fa000394	0	1	0	0	0	0	0	0	0	0	0	0	0	0	0
Fa000396	0	0	0	0	0	0	0	0	0	0	0	0	0	0	0
Fa000397	0	0	0	0	0	0	0	0	0	0	0	0	0	0	0
Fa000398	0	0	0	0	0	0	0	0	0	0	0	0	0	0	0
Fa000402	0	0	0	0	0	0	0	0	0	0	0	0	0	0	0
Fa000406	0	0	0	0	0	0	0	0	0	0	0	0	0	0	0
Fa000423	0	0	0	0	0	0	0	0	0	0	0	0	0	0	0
Fa000433	0	0	0	0	0	0	0	0	0	0	0	0	0	0	0
Fa000435	0	0	0	0	1	0	0	0	0	0	0	0	0	0	0
Fa000436	0	0	0	0	0	0	0	0	0	0	0	0	0	0	0
Fa000440	1	0	0	0	0	0	0	0	0	0	0	0	0	0	0
Fa000445	0	0	0	0	0	0	0	0	0	0	0	0	0	0	0
Fa000446	0	0	0	0	0	0	0	0	0	0	0	0	0	0	0
Fa000447	0	0	0	0	0	0	0	0	0	0	0	0	0	0	0
Fa000448	0	0	0	0	0	0	0	0	0	0	0	0	0	0	0
Fa000449	0	0	0	0	0	0	0	0	0	0	0	0	0	0	0
Fa000450	0	0	0	0	0	0	0	0	0	0	1	0	0	1	0
Fa000451	0	0	0	0	0	0	0	0	0	0	0	0	0	0	0
Fa000452	0	0	0	0	0	0	0	0	0	0	0	0	0	0	0
Fa000454	0	0	0	0	0	0	0	0	0	0	0	0	0	0	0
Fa000457	0	0	0	0	0	0	0	0	0	0	0	0	0	0	0
Fa000459	0	0	0	0	0	0	0	0	0	0	0	0	0	0	0
Fa000467	0	0	0	0	0	0	0	0	0	0	0	0	0	0	0
Fa000468	0	0	0	0	0	0	0	0	0	0	0	0	0	0	0
Fa000470	1	1	0	0	0	0	0	0	0	0	0	0	0	0	0
Fa000474	0	0	0	0	0	0	0	0	0	0	0	0	0	0	0
Fa000476	0	0	0	0	0	0	0	0	0	0	0	0	0	0	0
Fa000477	0	0	0	0	0	0	0	0	0	0	0	0	0	0	0
Fa000482	1	1	0	0	0	0	0	0	0	0	0	0	0	0	0
Fa000483	0	0	0	0	0	0	0	0	0	0	1	0	0	0	0
Fa000485	1	1	0	0	0	0	0	0	0	0	0	0	0	0	0
Fa000487	1	0	0	0	0	0	0	0	0	0	0	0	0	0	0
Fa000489	0	0	0	0	0	0	0	0	0	0	0	0	0	0	0
Fa000490	1	0	0	0	0	0	0	0	0	0	0	0	0	0	0
Fa000493	0	0	0	0	0	0	0	0	0	0	0	0	0	0	0
Fa000495	1	0	0	0	0	0	0	0	0	0	0	0	0	0	0
Fa000496	1	0	0	0	0	0	0	0	0	0	0	0	0	0	0
Fa000500	0	0	0	0	0	0	0	0	0	0	0	0	0	0	0
Fa001070	0	0	1	0	0	0	0	0	0	0	0	0	0	0	0
Fa001202	0	0	0	0	0	0	0	0	0	0	0	0	0	0	0
Fa001207	1	1	0	1	0	0	0	0	0	0	0	0	0	0	0
Fa001208	1	0	0	0	0	0	0	0	0	0	0	0	0	0	0
Fa001664	1	0	0	0	0	0	0	0	0	0	0	0	0	0	0
Fa002122	0	0	0	0	0	0	0	0	0	0	0	0	0	0	0
Fb000001	0	0	0	0	0	0	0	0	0	0	0	0	0	0	0
Fb000501	0	0	0	0	0	0	0	0	0	0	0	0	0	0	0
Fb000502	0	0	0	0	0	0	0	0	0	0	0	0	0	0	0
Fb000503	0	0	0	0	0	0	0	0	0	0	0	0	0	0	0
Fb000504	0	0	0	0	0	0	0	0	0	0	0	0	0	0	0
Fb000505	0	0	0	0	0	0	0	0	0	0	0	0	0	0	0
Fb000507	0	0	0	0	0	0	0	0	0	0	0	0	0	0	0
Fb000508	0	0	0	0	0	0	0	0	0	0	0	0	0	0	0
Fb000509	0	0	0	0	0	0	0	0	0	0	0	0	0	0	0
Fb000510	0	0	0	0	0	0	0	0	0	0	0	0	0	0	0
Fb000511	0	0	0	0	0	0	0	0	0	0	0	0	0	0	0
Fb000512	0	0	0	0	0	0	0	0	0	0	0	0	0	0	0
Fb000513	0	0	0	0	0	0	0	0	0	0	0	0	0	0	0
Fb000514	0	0	0	0	0	0	0	0	0	0	0	0	0	0	0
Fb000515	0	0	0	0	0	0	0	0	0	0	0	0	0	0	0
Fb000516	0	0	0	0	0	0	0	0	0	0	0	0	0	0	0
Fb000517	1	0	0	0	0	0	0	0	0	0	0	0	0	0	0
Fb000518	0	0	0	0	0	0	0	0	0	0	0	0	0	0	0
Fb000519	1	1	0	0	0	0	0	0	0	0	0	0	0	0	0
Fb000520	0	1	0	0	0	0	0	0	0	0	0	0	0	0	0
Fb000521	1	1	0	0	0	0	0	0	0	0	0	0	0	0	0
Fb000522	0	0	0	0	0	0	0	0	0	0	0	0	0	0	0
Fb000524	0	0	0	0	0	0	0	0	0	0	0	0	0	0	0
Fb000525	1	1	0	0	0	0	0	0	0	0	0	0	0	0	0
Fb000526	0	0	0	0	0	0	0	0	0	0	0	0	0	0	0
Fb000527	0	0	0	0	0	0	0	0	0	0	0	0	0	0	0
Fb000528	0	0	0	0	0	0	0	0	0	0	0	0	0	0	0
Fb000529	0	0	0	0	0	0	0	0	0	0	0	0	0	0	0
Fb000531	1	0	0	0	0	0	0	0	0	0	0	0	0	0	0
Fb000532	0	0	0	0	0	0	0	0	0	0	0	0	0	0	0
Fb000533	1	0	0	0	0	0	0	0	0	0	0	1	0	0	0
Fb000534	0	0	0	0	0	0	0	0	0	0	0	0	0	0	0
Fb000535	0	0	0	0	0	0	0	0	0	0	0	0	0	0	0
Fb000536	0	0	0	0	0	0	0	0	0	0	0	0	0	0	0
Fb000537	0	0	0	0	0	0	0	0	0	0	0	0	0	0	0
Fb000539	0	1	0	0	0	0	0	0	0	0	0	0	0	0	0
Fb000540	1	0	0	0	0	0	0	0	0	0	0	0	0	0	0
Fb000541	0	0	0	0	0	0	0	0	0	0	0	0	0	0	0
Fb000542	0	0	0	0	0	0	0	0	0	0	0	0	0	0	0
Fb000543	0	0	0	0	0	0	0	0	0	0	0	0	0	0	0
Fb000544	0	0	0	0	0	0	0	0	0	0	0	0	0	0	0
Fb000545	0	0	0	0	0	0	0	0	0	0	0	0	0	0	0
Fb000546	0	0	0	0	0	0	0	0	0	0	0	0	0	0	0
Fb000547	0	0	0	0	0	0	0	0	0	0	0	0	0	0	0
Fb000548	0	0	0	0	0	0	0	0	0	0	0	0	0	0	0
Fb000550	0	0	0	0	0	0	0	0	0	0	0	0	0	0	0
Fb000551	0	0	0	0	0	0	0	0	0	0	0	0	0	0	0
Fb000552	0	0	0	0	0	0	0	0	0	0	0	0	0	0	0
Fb000554	0	0	0	0	0	0	0	0	0	0	0	0	0	0	0
Fb000555	1	0	0	0	0	0	0	0	0	0	0	0	0	0	0
Fb000556	0	0	0	0	0	0	0	0	0	0	0	0	0	0	0
Fb000557	0	0	0	0	0	0	0	0	0	0	0	0	0	0	0
Fb000558	0	0	0	0	0	0	0	0	0	0	0	0	0	1	0
Fb000559	1	0	0	0	0	0	0	0	0	0	0	0	0	0	0
Fb000560	0	0	0	0	0	0	0	0	0	0	0	0	0	0	0
Fb000561	0	0	0	0	0	0	0	0	0	0	0	0	0	0	0
Fb000562	1	0	0	0	0	0	0	0	0	0	0	0	0	0	0
Fb000563	0	0	0	0	0	0	0	0	0	0	0	0	0	0	0
Fb000564	0	0	0	0	0	0	0	0	0	0	0	0	0	0	0
Fb000565	0	0	0	0	0	0	0	0	0	0	0	0	0	0	0
Fb000566	0	0	0	0	0	0	0	0	0	0	0	0	0	0	0
Fb000567	0	0	0	0	0	0	0	0	0	0	0	0	0	0	0
Fb000568	0	0	0	0	0	0	0	0	0	0	0	0	0	0	0
Fb000569	0	0	0	0	0	0	0	0	0	0	0	0	0	0	0
Fb000572	0	0	0	0	0	0	0	0	0	0	0	0	0	0	0
Fb000573	1	0	0	0	0	0	0	0	0	0	0	0	0	0	0
Fb000574	0	1	0	0	0	0	0	0	0	0	0	0	0	0	0
Fb000578	0	0	0	0	0	0	0	0	0	0	0	0	0	0	0
Fb000579	1	0	0	0	0	0	0	0	0	0	0	0	0	0	0
Fb000580	1	0	0	0	0	0	0	0	0	0	0	0	0	0	0
Fb000587	0	0	0	0	0	0	0	0	0	0	0	0	0	0	0
Fb000596	0	0	0	0	0	0	0	0	0	0	0	0	0	0	0
Fb000598	0	0	0	0	0	0	0	0	0	0	0	0	0	0	0
Fb000606	0	0	0	0	0	0	0	0	0	0	0	0	0	0	0
Fb000609	0	0	0	0	0	0	0	0	0	0	0	0	0	0	0
Fd000932	0	0	0	0	0	0	0	0	0	0	0	0	0	0	0
Fd000934	0	0	0	0	0	0	0	0	0	0	0	0	0	0	0
Fd000943	0	0	0	0	0	0	0	0	0	0	0	0	0	0	0
Fd000947	0	0	0	0	0	0	0	0	0	0	0	0	0	0	0
Fd000951	0	0	0	0	0	0	0	0	0	0	0	0	0	0	0
Fd000954	0	0	0	0	0	0	0	0	0	0	0	0	0	0	0
Fd000969	0	0	0	0	0	0	0	0	0	1	0	0	0	0	0
Fd000971	0	0	0	0	0	0	0	0	0	0	0	0	0	0	0
Fd000973	1	0	0	0	0	0	0	0	0	0	0	0	0	0	0
Fd000977	0	0	0	0	0	0	0	0	0	0	0	0	0	0	0
Fd000982	0	0	0	0	0	0	0	0	0	0	1	0	1	0	1
Fd000988	0	0	0	0	0	0	0	0	0	0	0	0	0	0	0
Fd000990	0	0	0	0	0	0	0	0	0	0	0	0	0	0	0
Fd000992	0	0	0	0	0	0	0	0	0	0	0	0	0	0	0
Fd000995	0	0	0	0	0	0	0	0	0	0	0	0	0	0	0
Fd000999	0	0	0	0	0	0	0	0	0	0	0	0	0	0	0
Fd001004	0	0	0	0	0	0	0	0	0	0	0	0	0	0	0
Fd001006	0	0	0	0	0	0	0	0	0	0	0	0	0	0	0
Fd001009	0	0	0	0	0	0	0	0	0	0	0	0	0	0	0
Fd001018	0	0	0	0	0	0	0	0	0	0	0	0	0	0	0
Fd001020	0	0	0	0	0	0	0	0	0	0	0	0	0	0	0
Fd001022	0	0	0	0	0	0	0	0	0	0	0	0	0	0	0
Fd001025	0	0	0	0	0	0	0	0	0	0	0	0	0	0	0
Fd001026	0	0	0	0	0	0	0	0	0	0	0	0	0	0	0
Fd001030	0	0	0	0	0	0	0	0	0	0	0	0	0	0	0
Fd001032	0	0	0	0	0	0	0	0	0	0	0	0	0	0	0
Fd001033	0	1	0	0	0	0	0	0	0	0	0	0	0	0	0
Fd001034	0	0	0	0	0	0	0	0	0	0	0	0	0	0	0
Fd001035	1	0	0	0	0	0	0	0	0	0	0	0	0	0	0
Fd001036	0	0	0	0	0	0	0	0	0	0	0	0	0	0	0
Fd001037	0	1	0	0	0	0	0	0	0	0	0	0	0	0	0
Fd001040	0	0	0	0	0	0	0	0	0	0	0	0	0	0	0
Fd001043	0	0	0	0	0	0	0	0	0	0	0	0	0	0	0
Fd001044	1	1	0	0	0	0	0	0	0	0	0	0	0	0	0
Fd001049	0	0	0	0	0	0	0	0	0	0	0	0	0	0	0
Fd001053	0	0	0	0	0	0	0	0	0	0	0	0	0	0	0
Fd001055	0	0	0	0	0	0	0	0	0	0	0	0	1	0	0
Fd001057	1	0	0	0	0	0	0	0	0	0	0	0	0	0	0
Fd001062	0	0	0	0	0	0	0	0	0	0	0	0	0	0	0
Fd001068	0	0	0	0	0	0	0	0	0	0	0	0	0	0	0
Fd001072	0	0	0	0	0	0	0	0	0	0	0	0	0	0	0
Fd001073	0	0	0	0	0	0	0	0	0	0	0	0	0	0	0
Fd001074	1	0	0	0	0	0	0	0	0	0	0	0	0	0	0
Fd001079	0	1	0	0	0	0	0	0	0	0	0	0	0	0	0
Fd001083	0	0	0	0	0	0	0	0	0	0	0	0	0	0	0
Fd001085	0	0	0	0	0	0	0	0	0	0	0	0	0	0	0
Fd001087	1	0	0	0	0	0	0	0	0	0	0	0	0	0	0
Fd001090	0	1	0	0	0	0	0	0	0	0	0	0	0	0	0
Fd001094	0	0	0	0	0	0	0	0	0	0	1	0	0	0	0
Fd001096	1	0	0	0	0	0	0	0	0	0	0	0	0	0	0
Fd001098	1	0	0	0	0	0	0	0	0	0	0	0	0	0	0
Fd001099	0	0	0	0	0	0	0	0	0	0	0	0	0	0	0
Fd001100	0	0	0	0	0	0	0	0	0	0	0	0	0	0	0
Fd001206	0	0	0	0	0	0	0	0	0	0	0	0	0	0	0
Fd001421	0	0	0	0	0	0	0	0	0	0	0	0	0	0	0
Fd001424	0	1	0	0	0	0	0	0	0	0	0	0	0	0	0
Fd001425	0	0	0	0	0	0	0	0	0	0	0	0	0	0	0
Fd001426	0	1	0	0	0	0	0	0	0	0	0	0	0	0	0
Fd001428	0	0	0	0	0	0	0	0	0	0	0	0	0	0	0
Fd001431	0	0	0	0	0	0	0	0	0	0	0	0	0	0	0
FD001440	0	0	0	0	0	0	0	0	0	0	0	0	0	0	0
Fd001445	1	0	0	0	0	0	0	0	0	0	1	0	1	0	0
Fd001446	0	0	0	0	0	0	0	0	0	0	0	0	0	0	0
Fd001453	0	0	0	0	0	0	0	0	0	0	0	0	0	0	0
Fd001454	0	0	0	0	0	0	0	0	0	0	0	0	0	0	0
Fd001455	0	0	0	0	0	0	0	0	0	0	0	0	0	0	0
Fd001456	0	0	0	0	0	0	0	0	0	0	0	0	0	0	0
Fd001457	0	0	0	0	0	0	0	0	0	0	0	0	0	0	0
Fd001459	0	0	0	0	0	0	0	0	0	0	0	0	0	0	0
Fd001461	0	0	0	0	0	0	0	0	0	0	0	0	0	0	0
Fd001462	0	1	1	0	0	0	0	0	0	0	0	0	0	0	0
Fd001464	0	0	0	0	0	0	0	0	0	0	0	0	0	0	0
Fd001465	0	0	0	0	0	0	0	0	0	0	0	0	0	0	0
Fd001466	0	0	0	0	0	0	0	0	0	0	0	0	0	0	0
Fd001467	0	0	0	0	0	0	0	0	0	0	0	0	0	0	0
Fd001468	0	0	0	0	0	0	0	0	0	0	0	0	0	0	0
Fd001471	1	0	0	0	0	0	0	0	0	0	0	0	0	0	0
Fd001474	0	0	0	0	0	0	0	0	0	0	0	0	0	0	0
Fd001475	0	0	0	0	0	0	0	0	0	0	0	0	0	0	0
Fd001476	0	0	0	0	0	0	0	0	0	0	0	0	0	0	0
Fd001486	0	0	0	0	0	0	0	0	0	0	0	0	0	0	0
Fd001488	1	0	0	0	0	0	0	0	0	0	0	0	0	0	0
Fd001489	1	0	0	0	0	0	0	0	0	0	0	0	0	0	0
Fd001495	0	0	0	0	0	0	0	0	0	0	0	0	0	0	0
Fd001498	0	0	0	0	0	0	0	0	0	0	0	0	0	0	0
Fd001499	0	0	0	0	0	0	0	0	0	0	0	0	0	0	0
Fd001501	0	0	0	0	0	0	0	0	0	0	0	0	0	0	0
Fd001503	0	0	0	0	0	0	0	0	0	0	0	0	0	0	0
Fd001504	0	0	0	0	0	0	0	0	0	0	0	0	0	0	0
Fd001505	0	0	0	0	0	0	0	0	0	0	0	0	0	0	0
Fd001509	0	0	0	0	0	0	0	0	0	0	0	0	0	0	0
Fd001510	0	0	0	0	0	0	0	0	0	0	0	0	0	0	0
Fd001511	0	0	0	0	0	0	0	0	0	0	0	0	0	0	0
Fd001514	1	0	0	0	0	0	0	0	0	0	0	0	0	0	0
Fd001518	1	0	0	0	0	0	0	0	0	0	0	0	0	0	0
Fd001523	0	0	0	0	0	0	0	0	0	0	0	0	0	0	0
Fd001524	0	0	0	0	0	0	0	0	0	0	0	0	0	0	0
Fd001530	0	0	0	0	0	0	0	0	0	0	0	0	0	0	0
Fd001532	0	0	0	0	0	0	0	0	0	0	0	0	0	0	0
Fd001534	1	0	0	0	0	0	0	0	0	0	0	0	0	0	0
Fd001535	0	0	0	0	0	0	0	0	0	0	0	0	0	0	0
Fd001537	0	0	0	0	0	0	0	0	0	0	0	0	0	0	0
Fd001538	1	0	0	0	0	0	0	0	0	0	0	0	0	0	0
Fd001539	0	0	0	0	0	0	0	0	0	0	0	0	0	0	0
Fd001540	0	0	0	0	0	0	0	0	0	0	0	0	0	0	0
Fd001545	0	0	0	0	0	0	0	0	0	0	0	0	0	0	0
Fd001549	0	0	0	0	0	0	0	0	0	0	0	0	0	0	0
Fd001551	0	0	0	0	0	0	0	0	0	0	0	0	0	0	0
Fd001552	0	1	0	0	0	0	0	0	0	0	0	0	0	0	0
Fd001553	0	1	0	0	0	0	0	0	0	0	0	0	0	0	0
Fd001554	1	0	0	0	0	0	0	0	0	0	0	0	0	0	0
Fd001555	0	0	0	0	0	0	0	0	0	0	0	0	0	0	0
Fd001557	0	0	0	0	0	0	0	0	0	0	0	0	0	0	0
Fd001562	0	0	0	0	0	0	0	0	0	0	0	0	0	0	0
Fd001564	0	0	0	0	0	0	0	0	0	0	0	0	0	0	0
Fd001571	0	0	0	0	0	0	0	0	0	0	0	0	0	0	0
Fd001573	0	0	0	0	0	0	0	0	0	0	0	0	0	0	0
Fd001575	0	0	0	0	0	0	0	0	0	0	0	0	0	0	0
Fd001579	0	0	0	0	0	0	0	0	0	0	1	0	0	0	0
Fd001581	0	0	0	0	0	0	0	0	0	0	0	0	0	0	0
Fd001582	0	0	0	0	0	0	0	0	0	0	0	0	0	0	0
Fd001583	0	0	0	0	0	0	0	0	0	0	1	0	0	0	0
Fd001588	1	0	0	0	0	0	0	0	0	0	0	0	0	0	0
Fd001594	0	0	0	0	0	0	0	0	0	0	0	0	0	0	0
Fd001599	0	0	0	0	0	0	0	0	0	0	0	0	0	0	0
Fd001600	0	0	0	0	0	0	0	0	0	0	0	0	0	0	0
Fd001603	1	0	0	0	0	0	0	0	0	0	0	0	0	0	0
Fd001604	1	0	0	0	0	0	0	0	0	0	0	0	1	0	0
Fd001608	1	0	0	0	0	0	0	0	0	0	0	0	0	0	0
Fd001610	0	0	0	0	0	0	0	0	0	0	0	0	0	0	0
Fd001617	0	0	0	0	0	0	0	0	0	0	0	0	0	0	0
Fd001620	0	0	0	0	0	0	0	0	0	0	0	0	0	0	0
Fd001908	0	0	0	0	0	0	0	0	0	0	0	0	0	0	0
Fd001909	0	0	0	0	0	0	0	0	0	0	0	0	0	0	0
Fd001945	0	0	0	0	0	0	0	0	0	0	0	0	0	0	0
Fd001971	1	0	0	0	0	0	0	0	0	0	0	0	0	0	0
Fd001974	0	0	0	0	0	0	0	0	0	0	0	0	0	0	0
Fd001993	0	0	0	0	0	0	0	0	0	0	0	0	0	0	0
Fd001998	0	0	0	0	0	0	0	0	0	0	0	0	0	0	0
Fd001999	0	0	0	0	0	0	0	0	0	0	0	0	0	0	0
Fd002006	0	0	0	0	0	0	0	0	0	0	0	0	0	0	0
Fd002014	0	0	0	0	0	0	0	0	0	0	0	0	0	0	0
Fd002018	0	1	0	0	0	0	0	0	0	0	0	0	1	0	0
Fd002019	0	0	0	0	0	0	0	0	0	0	0	0	0	0	0
Fd002024	1	1	0	0	0	0	0	0	0	0	0	0	0	0	0
Fd002025	1	0	0	0	0	0	0	0	0	0	0	0	0	0	0
Fd002027	0	0	0	0	0	0	0	0	0	0	0	0	0	0	0
Fd002031	0	0	0	0	0	0	0	0	0	0	0	0	0	0	0
Fd002032	0	0	0	0	0	0	0	0	0	0	0	0	0	0	0
Fd002051	0	0	0	0	0	0	0	0	0	0	1	0	0	0	0
Fd002053	0	0	0	0	0	0	0	0	0	0	0	0	0	0	0
Fd002054	0	0	0	0	0	0	0	0	0	0	0	0	0	0	0
Fd002060	0	0	0	0	0	0	0	0	0	0	0	0	0	0	0
Fd002061	0	0	0	0	0	0	0	0	0	0	0	0	0	0	0
Fd002064	0	0	0	0	0	0	0	0	0	0	0	0	0	0	0
Fd002067	1	0	0	0	0	0	0	0	0	0	0	0	0	0	0
Fd002069	0	0	0	0	0	0	0	0	0	0	0	0	0	0	0
Fd002071	0	0	0	0	0	0	0	0	0	0	0	0	0	0	0
Fd002072	0	0	0	0	0	0	0	0	0	0	0	0	0	0	0
Fd002073	0	0	0	0	0	0	0	0	0	0	0	0	0	0	0
Fd002077	0	0	0	0	0	0	0	0	0	0	0	0	0	0	0
Fd002078	1	0	0	0	0	0	0	0	0	0	0	0	0	0	0
Fd002079	0	0	0	0	0	0	0	0	0	0	0	0	0	0	0
Fd002080	0	0	0	0	0	0	0	0	0	0	0	0	0	0	0
Fd002090	0	0	0	0	0	0	0	0	0	0	0	0	0	0	0
Fd002111	1	1	0	0	0	0	0	0	0	0	0	0	0	0	0
Fd002117	0	0	0	0	0	0	0	0	0	0	0	0	0	0	0
Fd002120	1	0	0	0	0	0	0	0	0	0	0	0	0	0	0
Fd002137	0	0	0	0	0	0	0	0	0	0	0	0	1	0	0
Fi000205	1	0	1	0	0	0	0	0	0	0	0	0	0	0	0
Fi000237	0	0	0	0	0	0	0	0	0	0	0	0	0	0	0
Fi000239	0	0	0	0	0	0	0	0	0	0	0	0	0	0	0
Fi000241	1	0	0	0	0	0	0	0	0	0	0	0	0	0	0
Fi000242	0	0	0	0	0	0	0	0	0	0	0	0	0	0	0
Fi000243	0	0	0	0	0	0	0	0	0	0	0	0	0	0	0
Fi000247	0	0	0	0	0	0	0	0	0	0	0	0	0	0	0
Fi000248	0	0	0	0	0	0	0	0	0	0	0	0	0	0	0
Fi000249	0	0	0	0	0	0	0	0	0	0	0	0	0	0	0
Fi021876	1	0	0	0	0	0	0	0	0	0	0	0	0	0	0
Fu000939	0	0	0	0	0	0	0	0	0	0	0	0	0	0	0
Fu000940	0	0	1	1	0	0	0	0	0	0	1	0	0	0	0
Fu000941	0	0	0	0	0	0	0	0	0	0	0	0	0	0	0
Fu000972	0	0	0	0	0	0	0	0	0	0	0	0	0	0	0
Fu000979	0	0	0	0	0	0	0	0	0	0	0	0	0	0	0
Fu001076	0	0	0	0	0	0	0	0	0	0	0	0	0	0	0
Fu001632	0	0	0	0	0	0	0	0	0	0	0	0	0	0	0
Fu001633	0	0	0	0	0	0	0	0	0	0	0	0	0	0	0
Fu001634	0	0	0	0	0	0	0	0	0	0	0	0	0	0	0
Fu001635	0	0	0	0	0	0	0	0	0	0	0	0	0	0	0
Fu999001	0	0	0	0	0	0	0	0	0	0	0	0	0	0	0
Fu999002	1	1	0	0	0	0	0	0	0	0	0	0	0	0	0
Fu999003	0	0	0	0	0	0	0	0	0	0	0	0	0	0	0
Fu999004	0	0	0	0	0	0	0	0	0	0	0	0	0	0	0
Fu999005	0	0	0	0	1	0	0	0	0	0	0	0	0	0	0
Fu999006	0	0	0	0	0	0	0	0	0	0	0	0	0	0	0
Fu999010	0	0	0	0	0	0	0	0	0	0	0	0	0	0	0
Fu999011	0	0	0	0	0	0	0	0	0	0	1	0	0	0	0
Fu999012	0	0	0	0	0	0	0	0	0	0	0	0	0	0	0
Fu999013	0	0	0	0	0	0	0	0	0	0	0	0	0	0	0
Fu999018	0	0	0	0	0	0	0	0	0	0	0	0	0	0	0
Fu999019	1	0	0	0	0	0	0	0	0	0	0	0	0	0	0
Fu999020	0	0	0	0	0	0	0	0	0	0	0	0	0	0	0
Fu999021	0	0	0	0	0	0	0	0	0	0	0	0	1	0	0
Fu999022	0	0	0	0	0	0	0	0	0	0	0	0	0	0	0
Fu999023	0	0	0	0	0	0	0	0	0	0	0	0	0	0	0
Fu999025	1	0	0	0	0	0	0	0	0	0	0	0	0	0	0
Fu999026	0	0	0	0	0	0	0	0	0	0	0	0	0	0	0
Fu999027	1	1	0	0	0	0	0	0	0	0	0	0	0	0	0
Fu999028	0	0	0	0	0	0	0	0	0	0	0	0	0	0	0
Fu999030	0	0	0	0	0	0	0	0	0	0	0	0	0	0	0
Fu999031	0	0	0	0	0	0	0	0	0	0	0	0	0	0	0
Fu999032	0	0	0	0	0	0	0	0	0	0	1	0	0	0	0
Fu999036	1	0	0	0	0	0	0	0	0	0	0	0	0	0	0
Fu999037	0	0	0	0	0	0	0	0	0	0	0	0	0	0	0
Fu999038	1	0	0	0	0	0	0	0	0	0	0	0	0	0	0
Fu999040	0	0	0	0	0	0	0	0	0	0	0	0	0	0	0
Fu999041	0	0	0	0	0	0	0	0	0	0	0	0	0	0	0
Fu999044	0	0	0	0	0	0	0	0	0	0	0	0	0	0	0
Fu999047	0	0	0	0	0	0	0	0	0	0	0	0	0	0	0
Fu999048	0	0	0	0	0	0	0	0	0	0	0	0	0	0	0
Fu999050	0	0	0	0	0	0	0	0	0	0	0	0	0	0	0
Fu999053	0	0	0	0	0	0	0	0	0	0	0	0	0	0	0
Fu999054	0	0	0	0	0	0	0	0	0	0	0	0	0	0	0
Fu999057	0	0	0	0	0	0	0	0	0	0	0	0	0	0	0
Fu999058	1	0	0	0	0	0	0	0	0	0	0	0	0	0	0
Fu999059	0	1	0	0	0	0	0	0	0	0	0	0	0	0	0
Fu999060	0	0	0	0	0	0	0	0	0	0	0	0	0	0	0
Fu999061	0	0	0	0	0	0	0	0	0	0	0	0	0	0	0
Fu999062	0	0	0	0	0	0	0	0	0	0	0	0	0	0	0
Fu999063	0	0	0	0	0	0	0	0	0	0	0	0	0	0	0
Fu999065	0	0	0	0	0	0	0	0	0	0	0	0	0	0	0
Fu999066	0	0	0	0	0	0	0	0	0	0	0	0	0	0	0
Fu999067	0	0	0	0	0	0	0	0	0	0	0	0	0	0	0
Fu999068	0	0	0	0	0	0	0	0	0	0	0	0	0	0	0
Fu999069	0	0	0	0	0	0	0	0	0	0	0	0	0	0	0
Fu999070	0	0	0	0	0	0	0	0	0	0	0	0	0	0	0
Fu999072	0	0	0	0	0	0	0	0	0	0	0	0	0	0	0
Fu999074	0	0	0	0	0	0	0	0	0	0	0	0	0	0	0
Fu999075	1	0	0	1	0	0	0	0	0	0	0	0	0	0	0
Fu999076	0	0	0	0	0	0	0	0	0	0	0	0	0	0	0
Fu999077	0	1	0	0	0	0	0	0	0	0	0	0	0	0	0
Fu999078	0	0	0	0	0	0	0	0	0	0	0	0	0	0	0
Fu999079	0	0	0	0	0	0	0	0	0	0	0	0	0	0	0
Fu999080	1	0	0	0	0	0	0	0	0	0	0	0	0	1	0
Fu999081	0	0	0	0	0	0	0	0	0	0	0	0	0	0	0
Fu999082	0	0	0	0	0	0	0	0	0	0	0	0	0	0	0
Fu999083	0	1	0	0	0	0	0	0	0	0	0	0	0	0	0
Fu999084	1	0	0	0	0	0	0	0	0	0	0	0	0	0	0
Fu999092	0	0	0	0	0	0	0	0	0	0	0	0	0	0	0
Fu999093	1	0	0	0	0	0	0	0	0	0	0	0	0	0	0
Fu999094	1	0	0	0	0	0	0	0	0	0	0	0	0	0	0
Fu999095	1	0	0	0	0	0	0	0	0	0	0	0	0	0	0
Fu999101	0	0	0	0	0	0	0	0	0	0	0	0	0	0	0
Fu999103	0	0	0	0	0	0	0	0	0	0	0	0	0	0	0
Fu999104	0	0	0	0	0	0	0	0	0	0	0	0	0	0	0
Fu999105	0	0	0	0	0	0	0	0	0	0	0	0	0	0	0
He021722	1	0	0	0	0	0	0	0	0	0	0	0	0	0	0
He021723	0	0	1	0	0	0	0	0	0	0	0	0	0	0	0
He021724	0	0	0	0	0	0	0	0	0	0	0	0	0	0	0
He021729	0	0	0	0	0	0	0	0	0	0	0	0	0	0	0
He021754	0	0	0	0	0	0	0	0	0	0	0	0	0	0	0
He021756	0	0	0	0	0	0	0	0	0	0	0	0	0	0	0
He021758	0	0	0	0	0	0	0	0	0	0	0	0	0	0	0
He021759	0	0	0	0	0	0	0	0	0	0	0	0	0	0	0
He021761	0	1	0	0	0	0	0	0	0	0	0	0	0	0	0
He021762	0	0	0	0	0	0	0	0	0	0	0	0	0	0	0
He021765	0	0	0	0	0	0	0	0	0	0	0	0	0	0	0
He021766	0	0	0	0	0	0	0	0	0	0	0	0	0	0	0
He021767	0	0	0	0	0	0	0	0	0	0	0	0	0	0	0
He021768	0	0	0	0	0	0	0	0	0	0	0	0	0	0	0
He021769	0	0	0	0	0	0	0	0	0	0	0	0	0	0	0
He021771	0	0	0	0	0	0	0	0	0	0	0	0	0	0	0
He021772	1	0	0	0	0	0	0	0	0	0	0	0	0	0	0
He021773	0	0	0	0	0	0	0	0	0	0	0	0	0	0	0
He021774	0	0	0	0	0	0	0	0	0	0	0	0	0	0	0
He021775	0	0	0	0	0	0	0	0	0	0	1	0	0	0	0
He021780	0	0	0	0	0	0	0	0	0	0	0	0	0	0	0
He021782	0	0	0	0	0	0	0	0	0	0	0	0	0	0	0
He021783	0	0	0	0	0	0	0	0	0	0	0	0	0	0	0
He026700	0	0	0	0	0	0	0	0	0	0	0	0	0	1	0
He026702	0	0	0	0	0	0	0	0	0	0	0	0	0	0	0
He026703	0	0	0	0	0	0	0	0	0	0	0	0	0	0	0
He026704	1	1	1	0	0	0	0	0	0	0	0	0	0	1	0
He026705	0	0	0	0	0	0	0	0	0	0	0	0	0	0	0
He921756	0	0	0	0	0	0	0	0	0	0	0	0	0	0	0
He921763	0	0	0	0	0	0	0	0	0	0	0	0	0	0	0
Pe021807	0	0	0	0	0	0	0	0	0	0	0	0	0	0	0
Pe021808	0	0	0	0	0	0	0	0	0	0	0	0	0	0	0
PF024855	0	0	0	0	0	0	0	0	0	0	0	0	0	0	0
PF024856	0	0	0	0	0	0	0	0	0	0	0	0	0	0	0
PF024857	0	0	0	0	0	0	0	0	0	0	0	0	0	0	0
PF024869	0	0	0	0	0	0	0	0	0	0	0	0	0	0	0
PF024870	0	0	0	0	0	0	0	0	0	0	0	0	0	0	0
PF024871	0	0	0	0	0	0	0	0	0	0	0	0	0	0	0
PF024872	1	0	0	0	0	0	0	0	0	0	0	0	0	0	0
PF024873	0	0	0	0	0	0	0	0	0	0	0	0	0	0	0
PF024879	0	0	0	0	0	0	0	0	0	0	0	0	0	0	0
PF024880	0	0	0	0	0	0	0	0	0	0	0	0	0	0	0
PF025697	0	0	0	0	0	0	0	0	0	0	0	0	1	0	0
PF025722	0	0	0	0	0	0	0	0	0	0	0	0	0	0	0
PF025724	0	0	0	0	0	0	0	0	0	0	0	0	0	0	0
PF025730	0	0	0	0	0	0	0	0	0	0	0	0	0	0	0
PG024907	0	0	0	0	0	0	0	0	0	0	0	0	0	0	0
PG024908	0	0	0	0	0	0	0	0	0	0	0	0	0	0	0
PG024909	1	0	0	0	0	0	0	0	0	0	0	0	0	0	0
PG024917	0	0	0	0	0	0	0	0	0	0	0	0	0	0	0
PG024918	0	0	0	0	0	0	0	0	0	0	0	0	0	0	0
PG024924	0	0	0	0	0	0	0	0	0	0	0	0	0	0	0
PG024932	0	0	0	0	0	0	0	0	0	0	0	0	0	0	0
PG025897	0	0	0	0	0	0	0	0	0	0	0	0	0	0	0
PG025898	0	0	0	0	0	0	0	0	0	0	0	0	0	0	0
PG025899	0	0	0	0	0	0	0	0	0	0	0	0	0	0	0
PG025904	0	0	0	0	0	0	0	0	0	0	0	0	0	0	0
PG025906	1	0	0	0	0	0	0	0	0	0	0	0	0	0	0
PG025907	0	0	0	0	0	0	0	0	0	0	0	0	0	0	0
PG025908	0	0	0	0	0	0	0	0	0	0	0	0	0	0	0
PG025910	1	0	0	0	0	0	0	0	0	0	0	0	0	0	0
PG025911	0	0	0	0	0	0	0	0	0	0	0	0	0	0	0
PG025913	0	0	0	0	0	0	0	0	0	0	0	0	1	0	0
PG025914	0	0	0	0	0	0	0	0	0	0	0	0	0	0	0
PG025916	1	1	0	0	0	0	0	0	0	0	0	0	0	0	0
PG025917	0	0	0	0	0	0	0	0	0	0	0	0	0	0	0
PG026052	1	0	1	0	0	0	0	0	0	0	0	0	0	0	0
PG924908	0	0	0	0	0	0	0	0	0	0	0	0	0	0	0
PV024955	0	0	0	0	0	0	0	0	0	0	0	0	0	0	0
PV024956	0	0	0	0	0	0	0	0	0	0	0	0	0	0	0
PV024959	0	0	0	0	0	0	0	0	0	0	0	0	0	0	0
PV024961	0	0	0	0	0	0	0	0	0	0	0	0	0	0	0
PV024962	0	0	0	0	0	0	0	0	0	0	0	0	1	0	0
PV024964	1	0	0	0	0	0	0	0	0	0	0	0	0	0	0
PV024965	0	0	0	0	0	0	0	0	0	0	0	0	0	0	0
PV024966	0	0	0	0	0	0	0	0	0	0	0	0	0	0	0
PV024967	1	0	0	0	0	0	0	0	0	0	0	0	0	0	0
PV024968	0	0	0	0	0	0	0	0	0	0	0	0	0	0	0
PV024969	0	0	0	0	0	0	0	0	0	0	0	0	0	0	0
PV024975	1	0	0	0	0	0	0	0	0	0	0	0	0	0	0
PV024976	0	0	0	0	0	0	0	0	0	0	0	0	0	0	0
PV024977	1	0	0	0	0	0	0	0	0	0	0	0	0	0	0
PV024978	0	0	0	0	0	0	0	0	0	0	0	0	0	0	0
PV024986	0	0	0	0	0	0	0	0	0	0	0	0	0	0	0
PV024987	0	0	0	0	0	0	0	0	0	0	0	0	0	0	0
Pv024988	0	0	0	0	0	0	0	0	0	0	0	0	0	0	0
PV024989	0	0	0	0	0	0	0	0	0	0	0	0	0	0	0
PV024992	1	0	0	0	0	0	0	0	0	0	0	0	0	0	0
PV024993	0	0	0	0	0	0	0	0	0	0	0	0	0	0	0
PV026121	1	0	0	0	0	0	0	0	0	0	0	0	0	0	0
PW025005	1	0	0	0	0	0	0	0	0	0	0	0	0	0	0
PW025009	0	0	0	0	0	0	0	0	0	0	0	0	0	0	0
Va000002	0	0	0	0	0	0	0	0	0	0	0	0	0	0	0
Va000003	0	0	0	0	0	0	0	0	0	0	0	0	0	0	1
Va000004	0	1	0	0	0	0	0	0	0	0	0	0	0	0	0
Va000005	0	0	0	0	0	0	0	0	0	0	0	0	0	0	0
Va000006	0	0	0	0	0	0	0	0	0	0	0	0	0	0	0
Va000009	0	0	0	0	0	0	0	0	0	0	0	0	0	0	0
Va000010	0	0	0	0	0	0	0	0	0	0	0	0	0	0	0
Va000011	0	0	0	0	0	0	0	0	0	0	0	0	0	0	0
Va000012	0	0	0	0	0	0	0	0	0	0	0	0	0	0	0
Va000016	0	0	0	0	0	0	0	0	0	0	0	0	0	0	0
Va000017	0	0	0	0	0	0	0	0	0	0	0	0	0	0	0
Va000019	0	0	0	0	0	0	0	0	0	0	0	0	0	0	0
Va000020	0	0	0	0	0	0	0	0	0	0	0	0	0	0	0
Va000021	0	0	0	0	0	0	0	0	0	0	0	0	0	0	0
Va000022	0	0	0	0	0	0	0	0	0	0	0	0	0	0	0
Va000023	0	0	0	0	0	0	0	0	0	0	0	0	0	0	0
Va000024	0	0	0	0	0	0	0	0	0	0	0	0	0	0	0
Va000025	0	0	0	0	0	0	0	0	0	0	0	0	0	0	0
Va000029	0	0	0	0	0	0	0	0	0	0	0	0	0	0	0
Va000035	0	0	0	0	0	0	0	0	0	0	0	0	0	0	0
Va000046	0	0	0	0	0	0	0	0	0	0	0	0	0	0	0
Va000047	0	0	0	0	0	0	0	0	0	0	0	0	0	0	0
Va000048	0	0	0	0	0	0	0	0	0	0	0	0	0	0	0
Va000049	1	0	0	0	0	0	0	0	0	0	0	0	0	0	0
Va000050	1	0	0	0	0	0	0	0	0	0	0	0	0	0	0
Va000051	0	0	0	0	0	0	0	0	0	0	0	0	0	0	0
Va000053	0	0	0	0	0	0	0	0	0	0	0	0	0	0	0
Va000054	1	1	0	0	0	0	0	0	0	0	0	0	0	0	0
Va000056	0	0	0	0	0	0	0	0	0	0	0	0	0	0	0
Va000057	0	1	0	0	0	0	0	0	0	0	0	0	0	0	0
Va000064	0	0	0	0	0	0	0	0	0	0	0	0	0	0	0
Va000083	0	0	0	0	0	0	0	0	0	0	0	0	0	0	0
Va000084	0	0	0	0	0	0	0	0	0	0	0	0	0	0	0
Va000086	1	1	0	0	0	0	0	0	0	0	0	0	0	0	1
Va000091	0	0	0	0	0	0	0	0	0	0	0	0	0	0	0
Va000093	0	0	0	0	0	0	0	0	0	0	0	0	0	0	0
Va000094	0	0	0	0	0	0	0	0	0	0	0	0	0	0	0
Va000097	0	0	0	0	0	0	0	0	0	0	0	0	0	0	0
Va000100	0	0	0	0	0	0	0	0	0	0	0	0	0	0	0
Va000703	1	1	0	0	0	0	0	0	0	0	0	0	0	0	0
Va000709	1	0	0	0	0	0	0	0	0	0	0	0	0	0	0
Va000710	0	1	0	0	0	0	0	0	0	0	0	0	0	0	0
Va000711	0	0	0	0	0	0	0	0	0	0	0	0	0	0	0
Va000714	1	0	0	0	0	0	0	0	0	0	0	0	0	0	0
Va000715	0	0	0	0	0	0	0	0	0	0	0	0	0	0	0
Va000716	1	1	0	0	0	0	0	0	0	0	0	0	0	0	0
Va000720	0	1	0	0	0	0	0	0	0	0	0	0	0	0	0
Va000725	0	0	0	0	0	0	0	0	0	0	0	0	0	0	0
Va000726	0	0	0	0	0	0	0	0	0	0	0	0	0	0	0
Va000729	0	0	0	0	0	0	0	0	0	0	0	0	0	0	0
Va000730	1	0	0	0	0	0	0	0	0	0	1	0	0	0	0
Va000731	0	0	0	0	0	0	0	0	0	0	0	0	0	0	0
Va000736	1	1	0	0	0	0	0	0	0	0	0	0	0	0	0
Va000739	0	0	0	0	0	0	0	0	0	0	0	0	0	0	0
Va000741	0	1	0	0	0	0	0	0	0	0	0	0	0	0	0
Va000743	0	0	0	0	0	0	0	0	0	0	0	0	0	0	0
Va000752	1	0	0	0	0	0	0	0	0	0	0	0	0	0	0
Va000757	0	0	0	0	0	0	0	0	0	0	0	0	0	0	0
Va000765	0	0	0	0	0	0	0	0	0	0	0	0	0	0	0
Va000769	0	0	0	0	0	0	0	0	0	0	0	0	1	0	0
Va000772	0	0	0	1	0	0	0	0	0	0	0	0	0	0	0
Va000778	0	0	0	0	0	0	0	0	0	0	0	0	0	0	0
Va000779	0	0	0	0	0	0	0	0	0	0	0	0	0	0	0
Va000780	0	0	0	0	0	0	0	0	0	0	0	0	0	0	0
Va000788	0	0	0	0	0	0	0	0	0	0	0	0	0	0	0
Va000789	0	0	0	0	0	0	0	0	0	0	0	0	0	0	0
Va000792	0	0	0	0	0	0	0	0	0	0	0	0	0	0	0
Va000795	0	0	0	0	0	0	0	0	0	0	0	0	0	0	0
Va001192	0	0	0	0	0	0	0	0	0	0	0	0	0	0	0
Va001193	0	0	0	0	0	0	0	0	0	0	0	0	0	0	0
Va001197	0	0	0	0	0	0	0	0	0	0	0	0	0	0	0
Va001200	0	0	0	0	0	0	0	0	0	0	0	0	0	0	0
Va900001	0	0	0	0	0	0	0	0	0	0	0	0	0	0	0
Va900002	0	0	0	0	0	0	0	0	0	0	0	0	0	0	0
Va900711	1	0	0	0	0	0	0	0	0	0	0	0	0	0	0
Va990711	0	0	0	0	0	0	0	0	0	0	0	0	0	0	0
Vb001113	0	0	0	0	0	0	0	0	0	0	0	0	0	0	0
Vc001119	0	0	0	0	0	0	0	0	0	0	0	0	0	0	0
Vc001120	0	0	0	0	0	0	0	0	0	0	0	0	0	1	0
Vc001124	0	0	0	0	0	0	0	0	0	0	0	0	0	0	0
Vc001141	0	0	0	0	0	0	0	0	0	0	0	0	0	0	0
Vc001408	0	0	0	0	0	0	0	0	0	0	0	0	0	0	0
Vc001412	0	0	0	0	0	0	0	0	0	0	0	0	0	0	0
Vc001926	0	0	0	0	0	0	0	0	0	0	0	0	1	0	0
Vc001930	0	0	0	0	0	0	0	0	0	0	0	0	0	0	0
Vc001946	0	0	0	0	0	0	0	0	0	0	0	0	0	0	0
Vc002920	1	0	0	0	0	0	0	0	0	0	0	0	0	0	0
Fa000045	0	0	0	0	0	0	0	0	0	0	0	0	0	0	0
Fa000301	0	0	1	0	0	0	0	0	0	0	0	0	1	0	0
Fa000312	0	0	0	0	0	0	0	0	0	0	0	0	0	0	0
Fa000324	1	0	0	0	0	0	0	0	0	0	0	0	0	0	0
Fa000348	0	0	0	0	0	0	0	0	0	0	0	0	0	0	0
Fa000382	1	1	1	1	0	0	0	0	0	0	1	0	0	0	0
Fa000391	0	1	0	0	0	0	0	0	0	0	0	0	0	0	0
Fa000392	0	0	0	0	0	0	0	0	0	0	0	1	0	0	0
Fa000399	0	1	0	0	0	0	0	0	0	0	0	0	0	0	0
Fa000404	0	0	0	0	0	0	0	0	0	0	0	0	0	0	0
Fa000405	1	0	0	0	0	0	0	0	0	0	0	0	0	0	0
Fa000412	0	0	0	0	0	0	0	0	0	0	0	0	0	0	0
Fa000413	1	1	0	0	0	0	0	0	0	0	0	0	0	0	0
Fa000414	0	0	0	0	0	0	0	0	0	0	0	0	0	0	0
Fa000419	0	0	0	0	0	0	0	0	0	0	0	0	0	0	0
Fa000421	0	0	0	0	0	0	0	0	0	0	0	0	0	0	0
Fa000438	0	0	0	0	0	0	0	0	0	0	0	0	0	0	0
Fa000466	0	0	0	1	0	0	0	0	0	0	0	0	0	0	0
Fa000479	0	0	0	0	0	0	0	0	0	0	0	0	0	0	0
Fu999064	0	0	0	0	0	0	0	0	0	0	0	0	0	0	0
Fa000723	0	0	0	0	0	0	0	0	0	0	0	0	0	0	0
Fa001680	0	0	0	0	0	0	0	0	0	0	0	0	0	0	0
Fb000506	0	0	0	0	0	0	0	0	0	0	0	0	0	0	0
Fb000538	0	0	0	0	0	0	0	0	0	0	0	0	0	0	0
Fd000931	0	0	0	0	0	0	0	0	0	0	0	0	0	0	0
Fd000938	0	0	0	0	0	0	0	0	0	0	0	0	0	0	0
Fd000949	0	0	0	0	0	0	0	0	0	0	0	0	0	0	0
Fd000955	0	0	0	0	0	0	0	0	0	0	0	0	0	0	0
Fd000956	0	0	0	0	0	0	0	0	0	0	0	0	0	0	0
Fd000964	0	0	1	0	0	0	0	0	0	0	0	0	0	0	0
Fd000966	0	0	0	0	0	0	0	0	0	0	0	0	0	0	0
Fd000976	0	0	0	0	0	0	0	0	0	0	0	0	0	0	0
Fd000978	0	0	0	0	0	0	0	0	0	0	0	0	0	0	0
Fd000980	0	0	0	0	0	0	0	0	0	0	0	0	0	0	0
Fd000985	0	0	0	0	0	0	0	0	0	0	0	0	0	0	0
Fd000986	0	0	0	0	0	0	0	0	0	0	0	0	0	0	0
Fd000987	0	0	0	0	0	0	0	0	0	0	0	0	0	0	0
Fd000989	0	0	0	0	0	0	0	0	0	0	0	0	0	0	0
Fd000991	0	1	0	0	0	0	0	0	0	0	0	0	0	0	0
Fd000994	0	0	0	0	0	0	0	0	0	0	0	0	0	0	0
Fd001011	0	0	0	0	0	0	0	0	0	0	0	0	0	0	0
Fd001021	0	0	0	1	0	0	0	0	0	0	0	0	0	0	0
Fd001045	0	1	0	0	0	0	0	0	0	0	0	0	0	0	0
Fd001046	0	0	0	0	0	0	0	0	0	0	0	0	0	0	0
Fd001048	0	0	0	0	0	0	0	0	0	0	0	0	0	0	0
Fd001051	1	0	0	0	0	0	0	0	0	0	0	0	0	0	0
Fd001059	0	0	0	0	0	0	0	0	0	0	0	0	0	0	0
Fd001060	0	0	0	0	0	0	0	0	0	0	0	0	0	0	0
Fd001065	0	0	0	0	0	0	0	0	0	0	0	0	0	0	0
Fd001077	1	1	0	0	0	0	0	0	0	0	0	0	0	0	0
Fd001078	1	0	0	0	0	0	0	0	0	0	0	0	0	0	0
Fd001081	0	0	0	0	0	0	0	0	0	0	0	0	0	0	0
Fd001082	0	0	1	0	0	0	0	0	0	0	0	0	0	0	0
Fd001084	0	0	0	0	0	0	0	0	0	0	0	0	0	0	0
Fd001092	0	0	0	0	0	0	0	0	0	0	0	0	0	0	0
Fd001093	0	0	0	0	0	0	0	0	0	0	0	0	0	0	0
Fd001423	0	0	0	0	0	0	0	0	0	0	0	0	0	0	0
Fd001435	0	0	0	0	0	0	0	0	0	0	0	0	0	0	0
Fd001441	0	0	0	0	0	0	0	0	0	0	0	0	0	0	0
Fd001443	0	0	0	0	0	0	0	0	0	0	0	0	0	0	0
Fd001444	0	1	0	0	0	0	0	0	0	0	0	0	0	0	0
Fd001452	0	0	0	0	0	0	0	0	0	0	0	0	0	1	0
Fd001458	0	0	0	0	0	0	0	0	0	0	0	0	0	0	0
Fd001460	0	0	0	0	0	0	0	0	0	0	0	0	0	0	0
Fd001463	1	0	0	0	0	0	0	0	0	0	0	0	0	0	0
Fd001469	0	0	0	0	0	0	0	0	0	0	0	0	0	0	0
Fd001470	0	0	0	0	0	0	0	0	0	0	0	0	0	0	0
Fd001472	0	0	0	0	0	0	0	0	0	0	0	0	0	0	0
Fd001473	1	1	0	0	0	0	0	0	0	0	0	0	0	0	0
Fd001481	0	0	0	0	0	0	0	0	0	0	0	0	0	0	0
Fd001484	0	0	0	0	0	0	0	0	0	0	0	0	0	0	0
Fd001485	0	0	0	0	0	0	0	0	0	0	0	0	0	0	0
Fd001490	0	0	0	0	0	0	0	0	0	0	0	0	0	0	0
Fd001496	0	0	0	0	0	0	0	0	0	0	0	0	0	0	0
Fd001497	1	0	0	0	0	0	0	0	0	0	0	0	0	0	0
Fd001502	1	0	0	0	0	0	0	0	0	0	0	0	0	0	0
Fd001507	0	0	0	0	0	0	0	0	0	0	0	0	0	0	0
Fd001508	0	0	0	0	0	0	0	0	0	0	0	0	0	0	0
Fd001512	0	0	0	0	0	0	0	0	0	0	0	0	0	0	0
Fd001515	0	0	0	0	0	0	0	0	0	0	0	0	0	0	0
Fd001526	0	1	0	0	0	0	0	0	0	0	0	0	0	0	0
Fd001533	1	0	0	0	0	0	0	0	0	0	0	0	0	0	0
Fd001536	0	0	0	0	0	0	0	0	0	0	0	0	0	0	0
Fd001546	0	1	0	0	0	0	0	0	0	0	0	0	0	0	0
Fd001563	0	0	0	0	0	0	0	0	0	0	0	0	0	0	0
Fd001570	0	0	1	0	0	0	0	0	0	0	0	0	0	0	0
Fd001577	1	0	0	0	0	0	0	0	0	0	0	0	0	0	0
Fd001578	0	0	0	0	0	0	0	0	0	0	0	0	0	0	0
Fd001580	0	0	0	0	0	0	0	0	0	0	0	0	0	0	0
Fd001585	0	0	0	0	0	0	0	0	0	0	0	0	0	0	0
Fd001587	0	0	0	0	0	0	0	0	0	0	0	0	0	0	0
Fd001589	0	0	0	0	0	0	0	0	0	0	0	0	0	0	0
Fd001607	1	0	0	0	0	0	0	0	0	0	0	0	0	0	0
Fd001922	0	0	0	0	0	0	0	0	0	0	0	0	0	0	0
Fd001925	0	0	0	0	0	0	0	0	0	0	0	0	0	0	0
Fd001937	0	0	0	0	0	0	0	0	0	0	0	0	0	0	0
Fd001952	0	0	0	0	0	0	0	0	0	0	0	0	0	0	0
Fd001953	0	0	0	0	0	0	0	0	0	0	0	0	0	0	0
Fd001975	0	0	0	0	0	0	0	0	0	0	0	0	0	0	0
Fd001981	0	1	0	0	0	0	0	0	0	0	0	1	0	0	0
Fd001982	1	0	0	0	0	0	0	0	0	0	0	0	0	0	0
Fd001987	0	0	0	0	0	0	0	0	0	0	0	0	0	0	0
Fd001988	0	1	0	0	0	0	0	0	0	0	0	0	0	0	0
Fd001991	0	0	0	0	0	0	0	0	0	0	0	0	0	0	0
Fd001996	0	0	0	0	0	0	0	0	0	0	0	0	0	0	0
Fd002005	0	0	0	0	0	0	0	0	0	0	0	0	0	0	0
Fd002013	1	0	0	0	0	0	0	0	0	0	0	0	0	0	0
Fd002015	0	0	0	1	0	0	0	0	0	0	0	0	0	0	0
Fd002020	0	0	0	0	0	0	0	0	0	0	0	0	0	0	0
Fd002026	0	0	0	0	0	0	0	0	0	0	0	0	0	0	0
Fd002029	0	0	0	0	0	0	0	0	0	0	0	0	0	0	0
Fd002030	0	0	0	0	0	0	0	0	0	0	0	0	0	0	0
Fd002057	1	0	0	0	0	0	0	0	0	0	0	0	0	0	0
Fd002065	0	0	0	0	0	0	0	0	0	0	0	0	0	0	0
Fd002070	0	0	0	0	0	0	0	0	0	0	0	0	0	0	0
Fd002092	0	0	0	0	0	0	0	0	0	0	0	0	1	0	0
Fd002138	0	0	0	0	0	0	0	0	0	0	0	0	0	0	0
Fd002142	0	0	0	0	0	0	0	0	0	0	0	0	0	0	0
Fi000238	0	0	0	0	0	0	0	0	0	0	0	0	0	0	0
Fu999007	0	1	0	0	0	0	0	0	0	0	0	0	0	0	0
Fu999009	0	0	0	0	0	0	0	0	0	0	0	0	0	0	0
Fu999024	0	0	0	0	0	0	0	0	0	0	0	0	0	0	0
Fu999029	1	1	0	0	1	0	0	0	0	0	0	0	1	0	0
Fu999033	0	0	0	0	0	0	0	0	0	0	0	0	0	0	0
Fu999034	0	0	0	0	0	0	0	0	0	0	0	0	0	0	0
Fu999035	0	0	0	0	0	0	0	0	0	0	0	0	0	0	0
Fu999039	0	0	0	0	0	0	0	0	0	0	0	0	1	0	0
Fu999042	1	0	0	0	0	0	0	0	0	0	0	0	0	0	0
Fu999043	0	0	0	0	0	0	0	0	0	0	0	0	0	0	0
Fu999045	1	0	0	0	0	0	0	0	0	0	0	0	0	0	0
Fu999046	0	0	0	0	0	0	0	0	0	0	0	0	0	0	0
Fu999049	0	0	0	0	0	0	0	0	0	0	0	0	0	0	0
Fu999051	0	0	0	0	0	0	0	0	0	0	0	0	0	0	0
Fu999052	1	0	0	0	0	0	0	0	0	0	0	0	0	0	0
Fu999055	0	0	0	0	0	0	0	0	0	0	0	0	0	0	0
Fu999056	1	0	0	0	0	0	0	0	0	0	0	0	0	0	0
Fu999071	0	1	0	0	0	0	0	0	0	0	0	0	0	1	0
Fu999073	0	0	0	0	0	0	0	0	0	0	0	0	0	0	0
Fu999091	0	0	0	0	0	0	0	0	0	0	0	0	0	0	0
Fu999096	0	0	0	0	0	0	0	0	0	0	0	0	0	0	0
Fu999100	0	0	0	0	0	0	0	0	0	0	1	0	0	0	0
Fu999102	0	0	0	0	0	0	0	0	0	0	0	0	0	0	0
He021726	0	1	0	0	0	0	0	0	0	0	0	0	0	0	0
He021727	0	0	0	0	0	0	0	0	0	0	0	0	0	0	0
He021731	0	0	0	0	0	0	0	0	0	0	0	0	0	0	0
He021737	1	0	0	0	0	0	0	0	0	0	0	0	0	0	0
He021770	0	0	0	0	0	0	0	0	0	0	0	0	0	0	0
He021776	0	0	0	0	0	0	0	0	0	0	0	0	0	0	0
He021777	0	0	0	0	0	0	0	0	0	0	0	0	0	0	0
He021778	0	0	0	0	0	0	0	0	0	0	0	0	0	0	0
He021779	0	0	0	0	0	0	0	0	0	0	0	0	0	0	0
He021784	0	0	0	0	0	0	0	0	0	0	0	0	1	1	1
He026697	0	1	0	0	0	0	0	0	0	0	0	0	0	0	0
He026698	0	0	0	0	0	0	0	0	0	0	0	0	0	0	0
He026699	0	0	0	0	0	0	0	0	0	0	0	0	0	0	0
He026706	0	0	0	0	0	0	0	0	0	0	0	0	0	0	0
He026716	0	0	0	0	0	0	0	0	0	0	0	0	1	0	0
Pe021806	0	0	0	0	0	0	0	1	0	0	0	0	1	0	0
PF024858	0	0	0	0	0	0	0	0	0	0	0	0	0	0	0
PF024861	1	0	0	0	0	0	0	0	0	0	0	0	0	0	0
PF024882	0	0	0	0	0	0	0	0	0	0	0	0	0	0	0
PF025701	0	0	0	0	0	0	0	0	0	0	0	0	0	0	0
PF025702	0	0	0	0	0	0	0	0	0	0	0	0	0	0	0
PF025725	0	0	0	0	0	0	0	0	0	0	0	0	0	0	0
PF025729	0	0	0	0	0	0	0	0	0	0	0	0	0	0	0
PG024906	1	0	0	0	0	0	0	0	0	0	0	0	0	0	0
PG024923	1	0	0	0	0	0	0	0	0	0	0	0	0	0	0
PG024926	0	0	0	0	0	0	0	0	0	0	0	0	0	0	0
PG025900	0	0	0	0	0	0	0	0	0	0	0	0	0	0	0
PG025901	0	0	0	0	0	0	0	0	0	0	0	0	0	0	0
PG025902	0	0	0	0	0	0	0	0	0	0	0	0	0	0	0
PG025903	0	0	0	0	0	0	0	0	0	0	0	0	0	0	0
PG025905	0	0	0	0	0	0	0	0	0	0	0	0	0	0	0
PG025909	0	0	0	0	0	0	0	0	0	0	0	0	0	0	0
PG025938	0	0	0	0	0	0	0	0	0	0	0	0	0	0	0
PG025939	0	0	0	0	0	0	0	0	0	0	0	0	0	0	0
PG026898	0	1	0	0	0	0	0	0	0	0	0	0	0	0	0
PG926898	1	0	0	0	0	0	0	0	0	0	0	0	0	0	0
PV022651	0	0	0	0	0	0	0	0	0	0	0	0	0	0	0
PV024957	0	0	0	0	0	0	0	0	0	0	0	0	0	0	0
PV024958	0	0	0	0	0	0	0	0	0	0	0	0	0	0	0
PV024960	1	0	0	0	0	0	0	0	0	0	0	0	0	0	0
PV024963	0	0	0	0	0	0	0	0	0	0	0	0	0	0	0
PV024979	0	0	0	0	0	0	0	0	0	0	0	0	0	0	0
PV024990	0	0	0	0	0	0	0	0	0	0	0	0	0	0	0
PV026122	1	0	0	0	0	0	0	0	0	0	0	0	0	0	0
PV026123	0	0	0	0	0	0	0	0	0	0	0	0	0	0	0
PV026124	0	0	0	0	0	0	0	0	0	0	0	0	0	0	0
PV026125	0	0	0	0	0	0	0	0	0	0	0	0	0	0	0
Pv026126	0	0	0	0	0	0	0	0	0	0	0	0	0	0	0
PW025006	0	0	0	0	0	0	0	0	0	0	0	0	0	0	0
PW025008	0	0	0	0	0	0	0	0	0	0	0	0	0	0	0
PW025054	1	0	0	0	0	0	0	0	0	0	0	0	0	0	0
Va000015	0	0	0	0	0	0	0	0	0	0	0	0	0	0	0
Va000026	0	0	0	0	0	0	0	0	0	0	0	0	0	0	0
Va000030	0	0	0	0	0	0	0	0	0	0	0	0	0	0	0
Va000060	0	0	0	0	0	0	0	0	0	0	0	0	0	0	0
Va000095	0	1	0	0	0	0	0	0	0	0	0	0	0	0	0
Va000096	0	0	0	0	0	0	0	0	0	0	1	0	0	0	0
Va000098	0	1	0	0	0	0	0	0	0	0	0	0	0	0	0
Va000099	1	1	0	0	0	0	0	0	0	0	0	0	0	0	0
Va000418	0	0	1	0	0	0	0	0	0	0	0	0	0	0	0
Va000707	0	0	0	0	0	0	0	0	0	0	0	0	0	0	0
Va000722	0	0	0	0	0	0	0	0	0	0	0	0	0	0	0
Va000724	0	0	0	0	0	0	0	0	0	0	0	0	0	0	0
Va000727	0	0	0	0	0	0	0	0	0	0	1	0	0	0	0
Va000732	0	0	0	0	0	0	0	0	0	0	0	0	0	0	0
Va000742	0	0	0	0	0	0	0	0	0	0	0	0	0	0	0
Va000744	1	1	0	0	0	0	0	0	0	0	0	0	0	0	0
Va000746	0	0	1	0	0	0	0	0	0	0	0	0	0	0	0
Va000751	0	0	0	0	0	0	0	0	0	0	0	0	0	0	0
Va000759	0	0	0	0	0	0	0	0	0	0	0	0	0	0	0
Va000760	0	0	0	0	0	0	0	0	0	0	0	0	0	0	0
Va000761	0	0	0	0	0	0	0	0	0	0	0	0	0	0	0
Va000768	0	0	0	0	0	0	0	0	0	0	0	0	0	0	0
Va000782	0	0	0	0	0	0	0	0	0	0	0	0	0	0	0
Va000794	1	0	0	0	0	0	0	0	0	0	0	0	0	0	0
Vc001181	0	0	0	0	0	0	0	0	0	0	0	0	0	0	0
Vc001929	0	0	0	0	0	0	0	0	0	0	0	0	0	0	0
Vc001932	0	0	0	0	0	0	0	0	0	0	0	0	0	0	0
Vc001944	0	1	0	0	0	0	0	0	0	0	0	0	0	0	0
