X1	X2	X3	X4	X5	Y1	Y2	Y3	Y4	Y5	Y6	Y7
3.5	3.3	3.4	4.0	3.6	143.0	86.0	229.0	58.0	15.0	21.0	26.0
1.7	3.3	3.6	4.0	1.5	135.0	96.0	231.0	67.0	31.0	26.0	31.0
2.5	3.2	4.3	3.8	3.0	146.0	90.5	236.5	55.0	26.0	17.0	29.0
1.5	2.7	4.1	4.1	2.4	117.0	98.0	215.0	58.0	31.0	26.0	35.0
2.4	4.1	3.4	3.5	3.3	135.0	92.0	227.0	60.0	16.0	19.0	33.0
2.5	3.5	3.7	3.9	2.9	111.0	88.0	199.0	55.0	20.0	18.0	30.0
2.2	3.9	3.8	2.9	2.8	152.0	76.0	228.0	67.0	27.0	23.0	36.0
2.5	3.5	4.9	4.1	2.1	148.4	101.0	249.4	62.0	22.0	25.0	33.0
2.4	3.4	3.3	3.8	3.6	116.0	83.0	199.0	52.0	24.0	25.0	30.0
3.4	3.1	3.8	3.8	2.5	106.0	82.0	188.0	57.0	23.0	17.0	31.0
2.3	3.2	3.4	3.4	2.0	124.0	94.1	218.1	56.0	28.0	19.0	36.0
2.6	3.9	3.3	3.1	2.8	137.0	95.0	232.0	54.0	18.0	19.0	35.0
2.5	2.9	3.0	3.4	2.1	129.0	90.0	219.0	49.0	23.0	22.0	33.0
1.8	2.4	3.9	3.6	2.5	0.0	0.0	0.0	61.0	32.0	27.0	30.0
2.5	2.4	3.7	4.1	2.5	127.0	91.0	218.0	63.0	27.0	21.0	31.0
1.2	3.0	3.8	3.4	1.8	122.0	72.0	194.0	67.0	30.0	24.0	38.0
3.9	3.7	4.6	3.8	3.0	121.0	88.6	209.6	60.0	18.0	13.0	29.0
3.3	3.4	3.7	3.0	3.5	78.0	94.0	172.0	56.0	11.0	18.0	14.0
3.3	4.2	3.9	3.1	2.4	113.0	89.0	202.0	55.0	16.0	19.0	32.0
1.7	2.9	3.4	4.4	1.6	134.0	83.0	217.0	60.0	26.0	23.0	32.0
3.2	4.6	4.0	4.1	2.4	145.0	102.0	247.0	72.0	24.0	23.0	35.0
2.5	2.6	3.9	2.9	1.4	131.0	88.0	219.0	59.0	18.0	21.0	36.0
3.1	2.9	2.9	2.8	2.5	114.0	82.1	196.1	57.0	16.0	16.0	31.0
3.4	4.3	3.1	3.8	3.0	111.0	87.0	198.0	53.0	22.0	18.0	29.0
2.2	3.3	3.9	4.1	2.9	133.0	92.0	225.0	52.0	25.0	19.0	34.0
2.9	3.6	4.0	3.8	2.6	133.0	82.0	215.0	61.0	28.0	20.0	33.0
1.4	2.9	3.9	4.3	3.0	132.0	98.5	230.5	71.0	16.0	21.0	37.0
2.0	3.4	3.9	3.8	2.1	98.0	81.0	179.0	58.0	19.0	17.0	29.0
2.4	3.8	3.6	4.4	2.8	131.0	109.0	240.0	57.0	26.0	22.0	33.0
2.3	3.6	4.0	3.8	2.6	127.0	85.0	212.0	53.0	22.0	19.0	30.0
2.3	3.3	3.8	4.0	3.0	128.0	87.0	215.0	52.0	26.0	16.0	29.0
2.6	3.3	3.4	2.0	1.8	105.0	79.0	184.0	48.0	16.0	15.0	31.0
3.0	2.4	3.6	3.5	3.0	0.0	0.0	0.0	58.0	33.0	26.0	33.0
2.5	3.3	3.5	3.9	3.0	126.1	85.9	212.0	46.0	20.0	18.0	32.0
2.6	3.3	3.1	3.4	3.4	91.0	66.0	157.0	58.0	22.0	22.0	31.0
3.2	3.2	2.3	2.5	3.5	119.0	72.0	191.0	51.0	22.0	10.0	40.0
3.0	3.2	3.1	2.9	3.1	130.0	69.0	199.0	72.0	27.0	25.0	33.0
3.1	2.8	3.5	3.1	3.1	98.0	67.0	165.0	46.0	20.0	15.0	26.0
2.8	3.4	4.2	3.4	3.3	120.0	97.0	217.0	45.0	22.0	21.0	40.0
2.1	4.1	4.0	3.5	2.8	128.0	93.0	221.0	57.0	16.0	17.0	31.0
2.7	3.3	4.2	3.4	1.6	134.0	91.0	225.0	59.0	18.0	20.0	32.0
2.5	4.3	3.8	3.0	2.5	135.0	102.0	237.0	62.0	16.0	18.0	34.0
2.5	4.1	4.0	4.5	1.8	0.0	0.0	0.0	70.0	30.0	25.0	39.0
2.9	2.1	4.1	3.0	1.9	110.0	68.0	178.0	50.0	18.0	18.0	27.0
1.5	3.1	4.1	4.1	1.9	149.0	89.0	238.0	61.0	26.0	20.0	31.0
1.8	2.7	4.1	3.9	2.1	126.0	87.0	213.0	60.0	24.0	24.0	35.0
3.5	3.0	3.1	3.4	3.4	109.0	72.0	181.0	58.0	11.0	15.0	25.0
2.8	3.6	3.9	4.4	3.4	128.0	80.0	208.0	59.0	25.0	20.0	30.0
2.6	3.4	3.3	4.3	3.1	0.0	0.0	0.0	51.0	21.0	21.0	29.0
2.2	2.9	4.6	4.3	3.1	125.0	101.5	226.5	38.0	24.0	20.0	23.0
1.8	3.4	3.1	4.6	2.4	139.0	84.0	223.0	57.0	22.0	20.0	32.0
2.7	3.3	2.9	2.9	3.1	116.0	89.0	205.0	52.0	13.0	15.0	24.0
2.2	3.6	3.6	4.1	1.9	135.0	101.0	236.0	60.0	16.0	19.0	32.0
2.3	4.1	3.4	4.5	2.1	116.0	75.0	191.0	53.0	22.0	20.0	29.0
2.8	3.3	3.6	3.4	2.3	122.0	88.0	210.0	60.0	20.0	19.0	31.0
2.6	3.2	4.2	3.4	2.0	135.0	100.0	235.0	54.0	32.0	21.0	30.0
2.4	3.6	3.8	4.1	2.6	142.0	108.0	250.0	56.0	24.0	23.0	31.0
2.2	3.9	2.9	4.3	3.4	128.0	93.0	221.0	44.0	20.0	17.0	31.0
2.7	3.6	2.8	3.9	3.1	0.0	0.0	0.0	71.0	15.0	18.0	24.0
2.2	4.3	3.1	3.4	1.8	122.0	76.0	198.0	56.0	25.0	19.0	32.0
2.6	3.1	3.6	1.6	1.1	130.0	82.0	212.0	65.0	21.0	19.0	35.0
2.3	4.4	4.2	4.1	3.1	144.0	82.5	226.5	60.0	24.0	23.0	31.0
2.5	2.9	4.6	2.9	1.5	133.0	93.0	226.0	65.0	14.0	22.0	36.0
2.8	3.6	3.3	4.0	3.6	130.0	92.0	222.0	59.0	19.0	18.0	31.0
2.4	3.5	3.8	4.3	2.3	132.0	87.0	219.0	67.0	29.0	25.0	35.0
3.4	2.8	4.4	4.1	2.6	0.0	0.0	0.0	42.0	17.0	12.0	30.0
2.2	4.1	3.1	4.3	3.5	109.0	79.0	188.0	53.0	29.0	22.0	30.0
2.2	3.6	3.9	3.9	2.1	134.0	78.0	212.0	59.0	23.0	21.0	26.0
2.0	3.3	3.6	4.6	2.4	122.0	89.0	211.0	54.0	25.0	22.0	28.0
3.0	3.8	3.7	4.5	3.4	125.0	89.0	214.0	60.0	16.0	22.0	32.0
2.0	2.1	4.3	3.9	2.6	113.0	101.0	214.0	55.0	22.0	15.0	33.0
2.6	2.9	4.0	3.9	2.4	103.1	81.0	184.1	58.0	15.0	16.0	33.0
1.8	3.1	3.9	4.6	2.5	141.0	97.0	238.0	56.0	30.0	22.0	31.0
2.7	3.4	4.0	3.3	3.3	112.0	67.0	179.0	64.0	26.0	16.0	29.0
1.5	4.3	2.1	4.3	3.6	114.0	79.0	193.0	54.0	30.0	26.0	35.0
1.7	3.8	3.6	4.3	1.8	150.3	100.0	250.3	62.0	22.0	21.0	34.0
2.4	2.2	4.4	3.0	1.8	134.0	83.0	217.0	55.0	23.0	18.0	32.0
1.9	4.4	3.6	3.6	1.8	136.0	97.0	233.0	56.0	32.0	21.0	39.0
2.3	2.8	3.4	3.6	3.0	113.0	84.0	197.0	53.0	26.0	19.0	30.0
2.4	2.7	2.2	3.4	2.8	136.0	81.0	217.0	55.0	12.0	17.0	34.0
2.3	3.5	3.4	3.9	3.4	145.0	106.0	251.0	62.0	27.0	25.0	33.0
2.5	3.1	4.4	4.8	3.0	148.0	81.0	229.0	64.0	22.0	19.0	24.0
3.5	2.4	4.0	3.3	2.8	132.0	92.0	224.0	52.0	13.0	15.0	30.0
2.9	3.3	3.6	4.3	3.1	119.0	85.0	204.0	54.0	23.0	21.0	33.0
2.2	3.1	4.2	3.4	3.1	124.0	95.0	219.0	55.0	27.0	22.0	33.0
2.6	3.4	3.8	3.9	2.9	108.0	80.0	188.0	47.0	17.0	20.0	28.0
1.8	3.1	4.0	3.6	2.1	140.0	106.0	246.0	65.0	28.0	23.0	33.0
2.8	2.8	2.9	3.0	3.5	125.0	80.0	205.0	47.0	17.0	18.0	32.0
2.9	3.8	3.9	3.6	2.5	131.0	84.0	215.0	62.0	23.0	20.0	33.0
2.5	2.9	3.9	4.8	1.9	102.4	61.0	163.4	41.0	21.0	10.0	31.0
2.5	3.7	3.3	4.4	3.0	144.0	88.0	232.0	64.0	20.0	24.0	37.0
2.4	3.8	3.4	3.8	3.0	125.0	111.0	236.0	73.0	26.0	24.0	37.0
1.3	3.9	4.1	4.3	1.8	154.1	115.0	269.1	73.0	21.0	28.0	40.0
3.2	4.3	3.7	3.0	2.0	131.0	79.0	210.0	69.0	24.0	19.0	34.0
3.3	3.4	3.5	3.8	3.6	134.0	79.0	213.0	50.0	15.0	14.0	32.0
2.8	3.6	3.8	3.8	2.1	139.0	102.0	241.0	54.0	30.0	26.0	35.0
4.1	2.3	2.8	3.8	2.9	0.0	0.0	0.0	51.0	18.0	18.0	32.0
1.7	3.5	3.6	4.0	1.5	135.0	96.0	231.0	68.0	30.0	24.0	32.0
2.2	3.3	3.6	4.3	2.6	157.0	96.0	253.0	64.0	19.0	20.0	12.0
2.2	4.1	3.4	4.8	3.1	122.0	79.0	201.0	53.0	21.0	19.0	33.0
3.2	3.4	3.6	3.4	2.9	117.0	89.0	206.0	56.0	21.0	16.0	27.0
3.1	3.1	3.5	4.5	3.8	124.0	81.0	205.0	51.0	18.0	15.0	23.0
2.2	4.2	3.6	4.1	2.4	130.0	89.0	219.0	62.0	0.0	0.0	12.0
3.2	3.3	1.8	3.4	3.4	115.0	69.0	184.0	51.0	11.0	12.0	24.0
3.1	3.4	2.9	3.0	2.6	111.0	81.0	192.0	51.0	20.0	16.0	30.0
2.3	3.4	3.2	3.9	2.4	120.0	80.0	200.0	60.0	20.0	16.0	30.0
3.2	3.9	3.7	3.6	3.4	131.0	83.0	214.0	56.0	20.0	21.0	30.0
2.2	4.4	3.9	4.4	2.6	131.0	82.0	213.0	56.0	19.0	19.0	33.0
3.1	3.6	2.8	3.8	2.6	132.0	88.0	220.0	56.0	21.0	19.0	32.0
4.0	3.6	3.8	2.1	1.9	146.0	68.0	214.0	56.0	12.0	10.0	31.0
2.6	3.8	2.8	3.8	2.3	131.0	83.0	214.0	55.0	0.0	0.0	34.0
1.6	2.9	2.9	3.4	1.8	126.0	79.0	205.0	67.0	0.0	0.0	32.0
3.2	3.8	3.5	3.6	3.1	142.0	88.0	230.0	48.0	18.0	18.0	35.0
1.9	3.1	3.0	2.8	1.5	141.1	112.0	253.1	74.0	16.0	22.0	34.0
1.7	2.8	2.9	3.5	2.9	114.0	81.0	195.0	59.0	21.0	20.0	24.0
2.1	3.2	2.9	3.8	3.4	111.0	103.0	214.0	53.0	17.0	21.0	28.0
1.7	2.9	3.2	3.6	2.5	123.0	80.0	203.0	57.0	21.0	21.0	28.0
1.8	3.2	2.8	4.1	3.1	146.0	91.0	237.0	57.0	20.0	20.0	30.0
2.5	3.6	3.1	3.6	2.6	133.0	81.0	214.0	62.0	26.0	27.0	40.0
2.5	3.3	3.6	3.6	3.1	121.0	94.0	215.0	56.0	18.0	19.0	29.0
1.6	4.3	4.6	4.3	2.5	165.3	111.4	276.7	74.0	24.0	23.0	10.0
1.7	3.3	3.2	3.9	2.4	133.0	87.0	220.0	61.0	24.0	20.0	34.0
3.2	3.6	3.0	3.4	3.4	111.0	77.0	188.0	48.0	20.0	16.0	27.0
2.2	3.1	3.3	4.5	2.8	144.0	90.0	234.0	58.0	30.0	25.0	28.0
2.7	3.4	3.8	2.5	2.0	129.0	91.0	220.0	67.0	23.0	17.0	38.0
2.5	3.4	3.1	3.4	1.9	127.0	82.0	209.0	57.0	24.0	20.0	29.0
2.9	4.0	3.1	4.8	2.6	103.0	77.0	180.0	50.0	20.0	15.0	35.0
2.9	2.9	4.2	3.9	2.9	115.0	85.0	200.0	60.0	25.0	21.0	27.0
1.5	3.8	4.4	4.4	2.1	123.0	93.0	216.0	59.0	31.0	23.0	31.0
2.1	3.1	4.0	3.8	2.5	95.0	71.0	166.0	61.0	26.0	18.0	33.0
2.3	3.8	3.5	4.5	3.1	118.0	86.0	204.0	50.0	23.0	22.0	30.0
2.9	2.7	3.5	3.5	2.5	106.0	79.0	185.0	50.0	13.0	16.0	30.0
2.6	3.4	3.8	4.0	2.1	136.0	82.0	218.0	59.0	26.0	22.0	30.0
2.2	3.1	3.4	3.1	1.9	113.0	77.0	190.0	60.0	18.0	16.0	29.0
2.1	2.4	4.8	3.1	1.5	144.0	113.0	257.0	58.0	31.0	21.0	33.0
3.8	3.4	4.0	3.0	2.1	131.0	97.0	228.0	59.0	20.0	18.0	33.0
2.2	3.8	4.4	4.1	1.9	142.0	77.0	219.0	60.0	27.0	23.0	36.0
3.4	2.6	4.4	2.5	2.0	114.7	77.0	191.7	67.0	21.0	15.0	31.0
3.0	2.8	3.7	3.1	1.4	117.0	68.0	185.0	59.0	16.0	19.0	29.0
3.3	2.9	3.9	2.5	2.8	101.0	57.0	158.0	56.0	19.0	20.0	30.0
3.5	2.9	4.1	3.3	2.6	99.0	74.0	173.0	37.0	21.0	13.0	24.0
2.1	4.9	3.1	3.8	4.5	114.0	73.0	187.0	47.0	14.0	13.0	33.0
3.5	3.1	4.1	4.0	2.4	144.0	100.0	244.0	60.0	14.0	18.0	37.0
3.5	3.1	3.9	3.0	3.4	114.0	75.0	189.0	59.0	22.0	14.0	27.0
2.5	3.5	3.9	4.0	2.5	157.0	83.4	240.4	62.0	10.0	17.0	31.0
1.8	2.4	4.6	3.0	1.3	0.0	0.0	0.0	65.0	19.0	20.0	35.0
2.5	3.8	4.2	3.5	1.8	140.0	114.0	254.0	74.0	22.0	25.0	39.0
1.9	3.3	3.7	3.6	2.4	115.0	81.0	196.0	59.0	18.0	17.0	31.0
2.2	3.1	3.4	4.4	1.5	129.0	89.0	218.0	58.0	25.0	17.0	35.0
1.9	4.5	3.7	3.9	3.0	142.0	100.0	242.0	70.0	23.0	22.0	39.0
2.5	2.9	3.9	3.5	2.1	115.0	81.0	196.0	54.0	17.0	15.0	26.0
2.5	4.5	2.9	4.0	2.1	137.0	83.0	220.0	70.0	25.0	25.0	35.0
2.1	4.0	2.9	4.5	3.0	115.0	97.0	212.0	59.0	22.0	17.0	34.0
4.2	3.3	3.5	3.0	3.8	93.0	74.0	167.0	39.0	11.0	13.0	26.0
2.6	3.7	3.0	4.3	3.1	120.0	90.0	210.0	61.0	22.0	18.0	29.0
2.6	3.2	4.3	4.8	2.8	121.0	85.0	206.0	52.0	19.0	15.0	29.0
1.5	2.4	3.6	4.3	1.5	148.0	105.0	253.0	68.0	29.0	28.0	37.0
3.2	3.3	3.6	4.3	2.6	127.0	90.0	217.0	47.0	30.0	16.0	28.0
3.5	1.5	4.0	2.1	3.3	118.0	63.0	181.0	50.0	8.0	4.0	24.0
3.1	3.2	3.6	3.8	2.9	116.0	71.0	187.0	52.0	18.0	16.0	26.0
2.4	3.8	2.9	4.0	2.5	116.0	77.0	193.0	64.0	16.0	20.0	28.0
3.5	2.8	3.1	3.4	1.6	119.0	81.0	200.0	60.0	19.0	19.0	29.0
2.1	3.8	3.2	4.0	2.6	112.0	86.0	198.0	57.0	20.0	23.0	34.0
1.9	3.3	3.7	3.8	1.8	136.0	75.0	211.0	67.0	34.0	26.0	32.0
1.9	4.1	2.7	4.5	2.6	101.0	73.0	174.0	52.0	21.0	16.0	31.0
2.5	3.6	2.7	3.9	2.6	107.0	74.0	181.0	49.0	21.0	18.0	28.0
3.4	4.1	2.9	3.3	3.5	129.0	85.0	214.0	54.0	25.0	20.0	26.0
2.7	3.8	3.3	3.9	2.1	124.0	89.0	213.0	60.0	16.0	19.0	32.0
1.2	3.6	3.6	3.0	2.3	148.0	79.0	227.0	65.0	33.0	28.0	40.0
2.5	3.7	3.8	3.3	2.3	141.0	99.0	240.0	60.0	27.0	24.0	34.0
3.3	3.7	3.8	3.3	3.0	115.0	79.0	194.0	62.0	22.0	17.0	29.0
2.7	3.6	3.4	3.1	3.3	123.0	92.0	215.0	63.0	23.0	16.0	25.0
2.2	2.8	3.7	3.9	2.1	114.0	79.0	193.0	66.0	30.0	24.0	36.0
3.0	3.2	2.4	2.5	2.5	103.0	87.0	190.0	52.0	24.0	18.0	25.0
2.8	3.4	3.6	4.3	3.3	109.0	79.0	188.0	52.0	19.0	20.0	29.0
2.6	3.5	2.9	3.6	2.8	107.0	83.0	190.0	51.0	22.0	19.0	33.0
3.9	2.6	2.9	1.9	3.8	118.0	70.0	188.0	37.0	8.0	7.0	24.0
2.0	2.7	3.4	3.1	2.4	96.0	57.0	153.0	49.0	34.0	25.0	38.0
2.6	3.8	3.5	3.8	3.1	108.0	83.0	191.0	57.0	16.0	20.0	27.0
2.8	3.9	4.0	4.6	2.8	121.0	69.0	190.0	50.0	13.0	16.0	30.0
2.0	4.3	2.2	3.9	2.3	117.0	79.0	196.0	56.0	24.0	15.0	34.0
2.7	2.8	3.4	3.3	2.3	116.0	78.0	194.0	47.0	17.0	18.0	26.0
2.8	2.9	3.9	4.0	2.3	120.0	82.0	202.0	53.0	20.0	19.0	29.0
2.4	3.8	2.9	3.5	1.6	113.0	76.0	189.0	66.0	21.0	18.0	34.0
3.1	2.9	2.8	3.1	3.3	90.0	68.0	158.0	50.0	22.0	20.0	27.0
1.9	3.5	3.6	3.8	1.8	125.0	80.0	205.0	62.0	27.0	21.0	26.0
2.8	3.1	3.9	3.4	2.6	133.0	89.0	222.0	57.0	26.0	16.0	27.0
2.2	3.1	2.9	2.8	2.8	118.0	91.0	209.0	63.0	20.0	26.0	30.0
2.9	3.8	3.6	4.4	2.5	135.0	103.0	238.0	46.0	17.0	14.0	30.0
2.1	4.0	3.4	4.5	2.6	139.0	89.0	228.0	58.0	26.0	25.0	39.0
2.8	3.8	3.9	3.6	2.8	140.0	89.0	229.0	60.0	12.0	17.0	34.0
2.7	3.4	3.9	3.5	2.5	125.0	104.0	229.0	63.0	21.0	19.0	30.0
1.3	3.1	4.2	4.4	2.6	121.0	85.0	206.0	63.0	30.0	24.0	29.0
1.8	3.3	4.4	3.5	1.5	133.0	89.0	222.0	60.0	29.0	24.0	31.0
2.9	3.4	3.3	3.9	4.0	0.0	0.0	0.0	47.0	31.0	24.0	34.0
1.9	3.8	2.9	5.0	2.5	147.0	112.0	259.0	55.0	20.0	22.0	32.0
2.4	4.3	3.7	3.1	2.1	163.0	85.0	248.0	58.0	15.0	17.0	34.0
2.9	4.1	2.9	3.1	3.6	134.0	89.0	223.0	55.0	26.0	24.0	30.0
2.3	3.3	3.4	3.3	2.1	133.0	94.0	227.0	52.0	29.0	21.0	29.0
1.9	4.3	3.9	4.9	2.8	116.0	77.0	193.0	62.0	21.0	19.0	37.0
3.3	3.9	3.6	4.1	3.8	136.0	73.0	209.0	61.0	28.0	21.0	19.0
3.2	4.0	2.9	3.3	2.9	137.0	90.0	227.0	59.0	27.0	23.0	33.0
3.6	3.8	3.7	3.3	3.1	117.0	87.0	204.0	50.0	9.0	15.0	31.0
2.6	3.1	3.6	4.0	2.3	124.0	90.0	214.0	56.0	24.0	21.0	33.0
3.3	3.5	2.9	4.3	2.3	113.0	82.0	195.0	62.0	26.0	21.0	31.0
3.2	3.3	3.7	2.5	2.3	133.0	89.0	222.0	64.0	22.0	20.0	32.0
3.1	3.9	3.7	4.5	3.3	130.0	78.0	208.0	63.0	15.0	21.0	25.0
2.4	3.6	2.9	3.9	2.6	120.0	91.0	211.0	59.0	24.0	20.0	32.0
3.8	2.9	3.6	2.8	2.3	131.0	75.0	206.0	60.0	21.0	12.0	24.0
1.8	3.8	1.8	3.5	2.1	131.0	65.0	196.0	61.0	20.0	20.0	37.0
1.9	4.0	3.6	4.3	1.9	149.0	101.0	250.0	63.0	30.0	19.0	35.0
2.2	3.8	1.9	3.1	3.9	123.0	88.0	211.0	49.0	21.0	21.0	28.0
2.3	4.6	3.0	3.6	2.6	111.0	78.0	189.0	54.0	30.0	26.0	34.0
2.6	2.8	4.0	4.1	2.8	114.0	74.0	188.0	52.0	25.0	19.0	24.0
2.6	3.1	3.9	3.5	3.1	100.0	75.0	175.0	64.0	22.0	18.0	26.0
2.3	2.4	4.1	3.8	2.9	108.0	90.0	198.0	50.0	28.0	24.0	33.0
2.3	2.7	2.7	2.9	2.9	110.0	79.0	189.0	55.0	13.0	15.0	26.0
1.6	3.6	4.0	4.5	1.3	135.0	83.0	218.0	63.0	29.0	26.0	32.0
2.5	3.8	3.2	3.9	2.6	130.0	78.0	208.0	54.0	23.0	20.0	35.0
1.9	3.5	3.6	4.1	2.9	130.0	81.0	211.0	56.0	25.0	19.0	31.0
2.1	3.9	3.1	5.0	2.8	130.0	95.0	225.0	51.0	19.0	18.0	33.0
2.8	3.6	3.6	3.5	2.6	127.0	89.0	216.0	52.0	26.0	19.0	29.0
1.8	3.6	3.2	3.6	2.5	132.0	98.0	230.0	67.0	18.0	22.0	35.0
1.7	3.8	3.4	3.6	2.5	140.0	97.0	237.0	60.0	20.0	20.0	32.0
2.2	3.4	3.1	3.6	3.1	125.0	75.0	200.0	58.0	23.0	22.0	28.0
2.4	3.4	3.4	4.5	2.8	108.0	87.0	195.0	56.0	24.0	20.0	28.0
3.1	3.8	4.1	3.9	2.6	145.0	99.0	244.0	52.0	31.0	25.0	28.0
2.6	3.7	4.3	3.4	1.9	126.0	80.0	206.0	62.0	20.0	20.0	31.0
3.8	3.1	2.7	2.9	3.3	112.0	80.0	192.0	42.0	26.0	15.0	21.0
2.2	3.2	4.9	3.9	1.1	119.0	91.0	210.0	63.0	26.0	18.0	31.0
2.8	4.9	2.1	3.8	3.1	127.0	83.0	210.0	61.0	18.0	26.0	33.0
2.1	3.3	4.1	3.6	2.0	135.0	84.0	219.0	62.0	24.0	21.0	33.0
2.5	4.6	3.1	4.5	3.0	133.0	92.0	225.0	60.0	26.0	24.0	31.0
2.2	3.5	3.2	4.6	3.3	142.0	80.0	222.0	54.0	19.0	17.0	33.0
2.2	3.3	3.5	4.6	2.8	134.0	90.0	224.0	56.0	32.0	24.0	26.0
2.5	2.0	3.7	3.6	1.6	119.0	78.0	197.0	55.0	21.0	15.0	28.0
1.9	3.2	4.2	4.3	1.8	110.0	78.0	188.0	66.0	26.0	25.0	37.0
3.1	3.4	3.7	4.0	2.6	120.0	80.0	200.0	51.0	26.0	18.0	27.0
1.4	4.1	4.3	3.0	2.0	143.0	98.0	241.0	70.0	35.0	28.0	38.0
2.3	3.0	3.1	3.6	2.8	119.0	93.0	212.0	53.0	22.0	18.0	30.0
1.5	2.6	4.1	4.3	3.1	123.0	92.0	215.0	60.0	28.0	27.0	24.0
3.6	3.6	3.1	3.1	2.8	134.0	93.0	227.0	56.0	15.0	23.0	31.0
2.5	3.4	3.9	4.5	2.1	151.0	95.0	246.0	62.0	27.0	26.0	32.0
3.0	3.1	3.4	3.5	2.8	124.0	83.0	207.0	51.0	22.0	18.0	31.0
2.4	3.3	2.4	2.8	2.5	111.0	76.0	187.0	52.0	21.0	11.0	24.0
3.5	4.6	2.6	1.8	2.1	125.0	73.0	198.0	68.0	16.0	24.0	35.0
2.5	3.4	3.6	3.4	2.6	116.0	79.0	195.0	60.0	20.0	17.0	30.0
1.8	3.2	4.8	4.1	1.6	152.0	99.0	251.0	66.0	13.0	17.0	31.0
4.0	3.4	3.0	3.8	3.1	121.0	85.0	206.0	49.0	16.0	17.0	34.0
3.1	3.1	2.4	2.8	3.3	122.0	79.0	201.0	51.0	17.0	19.0	30.0
1.4	3.3	3.4	4.6	1.6	135.0	100.0	235.0	59.0	19.0	21.0	37.0
2.0	3.8	3.4	4.4	2.5	119.0	87.0	206.0	61.0	27.0	24.0	32.0
2.3	3.6	3.9	3.4	2.1	137.0	82.0	219.0	58.0	26.0	19.0	35.0
2.6	3.3	3.8	3.9	2.0	132.0	93.0	225.0	54.0	21.0	22.0	29.0
1.5	2.4	4.9	4.1	2.0	121.0	99.0	220.0	67.0	32.0	28.0	35.0
3.5	2.8	3.6	3.5	3.5	121.0	85.0	206.0	60.0	14.0	19.0	37.0
2.3	3.7	3.6	3.4	2.4	142.0	85.0	227.0	65.0	17.0	21.0	38.0
2.0	3.9	3.1	3.6	2.9	114.0	79.0	193.0	61.0	29.0	19.0	28.0
2.5	3.3	4.9	3.8	2.0	134.0	91.0	225.0	50.0	24.0	18.0	27.0
1.8	3.1	2.9	4.5	2.1	105.0	87.0	192.0	62.0	14.0	23.0	29.0
1.6	3.5	4.3	4.4	1.4	143.0	100.0	243.0	67.0	22.0	25.0	30.0
2.6	3.1	3.5	3.1	2.4	114.0	84.0	198.0	57.0	28.0	19.0	33.0
2.2	3.5	3.5	3.3	1.9	119.0	84.0	203.0	58.0	21.0	17.0	30.0
3.6	4.1	3.4	3.1	3.6	127.0	86.0	213.0	57.0	13.0	14.0	28.0
2.0	3.6	3.9	4.0	2.6	121.0	83.0	204.0	60.0	31.0	21.0	28.0
2.0	3.3	3.6	4.1	3.1	106.0	65.0	171.0	50.0	23.0	15.0	26.0
2.9	3.8	3.4	4.0	2.3	117.0	85.0	202.0	53.0	23.0	19.0	29.0
4.0	4.4	2.0	2.6	3.0	123.0	90.0	213.0	54.0	16.0	16.0	22.0
3.5	3.5	3.8	4.1	3.1	129.0	77.0	206.0	50.0	11.0	17.0	30.0
1.8	3.1	3.1	4.1	2.6	130.0	95.0	225.0	64.0	27.0	25.0	30.0
3.3	3.3	4.4	3.0	2.5	136.0	90.0	226.0	57.0	19.0	19.0	31.0
2.7	2.9	3.5	4.1	2.4	103.0	81.0	184.0	47.0	18.0	18.0	27.0
2.5	3.5	4.1	3.3	1.8	146.0	101.0	247.0	45.0	20.0	21.0	32.0
3.5	4.6	1.8	2.8	3.1	113.0	84.0	197.0	59.0	24.0	17.0	25.0
1.4	3.6	2.9	3.3	3.3	115.0	84.0	199.0	51.0	29.0	20.0	30.0
3.2	3.7	3.8	4.8	3.1	114.3	93.0	207.3	53.0	16.0	21.0	27.0
1.8	3.3	3.4	3.9	2.1	116.0	93.0	209.0	67.0	29.0	24.0	29.0
2.0	3.9	3.9	4.3	1.9	147.0	88.0	235.0	64.0	30.0	25.0	36.0
1.8	4.3	3.1	4.3	2.9	129.0	86.0	215.0	65.0	27.0	23.0	36.0
3.1	3.6	4.1	3.8	2.9	132.0	71.0	203.0	61.0	21.0	19.0	28.0
2.8	3.6	3.1	3.9	3.3	126.0	93.0	219.0	56.0	22.0	18.0	30.0
2.2	4.7	1.5	3.9	2.9	101.0	99.0	200.0	63.0	21.0	26.0	32.0
2.2	3.4	3.7	4.1	2.3	124.0	75.0	199.0	62.0	24.0	20.0	33.0
2.3	2.9	4.1	4.9	3.5	108.0	78.0	186.0	64.0	14.0	20.0	27.0
3.1	3.9	3.8	4.4	3.3	123.0	79.0	202.0	64.0	26.0	19.0	31.0
3.4	2.9	4.3	3.9	2.5	127.0	77.0	204.0	55.0	18.0	16.0	25.0
1.7	3.1	3.4	3.5	3.0	127.0	83.0	210.0	55.0	24.0	20.0	32.0
3.5	3.4	3.7	3.8	2.6	133.0	80.0	213.0	53.0	11.0	16.0	34.0
